9	120.31484755343388	68.63439696051898
9	101.93370933711498	146.92232763392713
9	91.3029117050574	152.3886513863531
9	158.928513758279	85.410922243112
9	184.72017355905894	108.46579262563614
9	179.51285476735495	24.925930895085543
9	193.03083310174003	25.009703469977353
9	108.67049184653126	166.79275855636354
9	21.820931991028175	11.440863216943342
9	113.40166567321324	142.32444169424684
9	121.01741849798594	21.82587877508135
9	129.01822570774323	100.90323463345447
9	103.97597863128027	30.6067172025231
9	104.81427979610498	128.95991069540298
9	35.805455464483515	77.6732466004263
9	43.26357785580686	34.15898788125409
9	128.4894119946373	194.53856816447285
9	167.94895297792903	52.550403367924275
9	164.45935204167472	169.47400934348218
9	67.82695674274726	7.7746630949580435
9	109.63633275147549	124.28142174390649
9	173.70973517048935	33.99033436712395
9	2.3233001853799635	48.07173262978566
9	40.04910732936767	81.98814032874259
9	139.21497996552404	176.84699126195136
9	122.45420499034913	133.0471905314331
9	82.60044049528756	38.360415272491764
9	81.2397966858627	45.92624821849034
9	164.80682708864674	161.88106467896068
9	193.02052576762907	66.23721843752008
9	126.6941379075455	3.2372739730438695
9	171.81684809928595	169.38782883659707
9	185.35133651826789	78.48670108033218
9	62.72138763627197	137.64783265070025
9	173.72757114731178	31.024383276247164
9	191.19712012123045	185.27450638748985
9	29.61936329526037	183.8573447399985
9	47.14464378506656	41.54312952047121
9	177.59789491386857	107.87802818806057
9	75.61260683022493	163.2931163225112
9	48.090024642177156	176.70243318910923
9	55.53225565075053	184.0126174112936
9	154.24789383739937	88.32076869684983
9	148.85692079758047	166.3654991088132
9	190.41639890662833	56.07897981681697
9	14.411554915432276	84.50310978739975
9	113.66678254958322	2.782860341282685
9	197.57576887082547	93.78247135298227
9	28.279809236361956	190.9728031562767
9	81.86345795308887	93.06905233257743
9	183.4750501543607	24.818305116656205
9	155.41563938053872	137.30305641292324
9	132.15266051749592	13.853088396125543
9	174.467152024857	170.2498987554127
9	42.2105653764695	91.85833545228462
9	31.76348109274477	186.30476789795682
9	38.400661300586194	63.60609617779886
9	114.1078067564419	135.52357628278224
9	186.9367572767453	159.24805893053588
9	153.37956391100766	58.56888934048868
9	178.45082955768362	127.63081954392351
9	5.46468477922204	82.55858085010487
9	104.35608838818973	141.6423180304684
9	68.44532363362401	84.54372596956654
9	195.4847323502102	112.68782335086581
9	183.2599077297428	94.18976753172689
9	37.355187801036436	174.443020861582
9	20.655733514234953	106.61493632308577
9	91.47162438497054	128.10292169755928
9	171.86416110871193	19.205226819748333
9	113.9538598498566	58.28341866179045
9	43.434860915114285	124.04842539008956
9	139.62061715590494	197.53539965499738
9	164.33316479289084	133.90756626368807
9	188.7958899068264	86.03050577998539
9	18.329627266333546	121.3320615184004
9	75.31242684415969	56.990837826974655
9	82.04883139723336	91.06067173103997
9	101.71032951231035	52.48060226252659
9	96.54102351082338	184.70743056609746
9	131.47126014766854	113.46444507902748
9	114.56111134244759	176.80321295053432
9	121.96783683194963	5.494665338870647
9	105.86082889756585	119.41776555732974
9	14.25309858736287	145.2166653458949
9	156.7560091150924	176.18543301312184
9	185.39270152747298	155.10175308303326
9	155.9718578557763	27.654951311170038
9	186.27475851323703	44.09496794576691
9	69.39770875383289	27.2061449608303
9	128.4960784690898	196.75618487272317
9	181.6445452964178	145.6286411651667
9	151.02620241330038	73.44346714484857
9	3.4314529853761826	166.4353348696289
9	142.845383710828	145.46616436192159
9	76.19787382106705	194.6114164417491
9	114.5026840858796	90.50703630149854
9	52.716750583479495	79.59846610434698
9	81.60770303713122	181.4846159148712
9	190.779515908917	22.75643738476782
9	101.2340904152926	23.852373272630473
9	90.44235247934472	179.68344290012573
9	60.08352134179404	68.08697460881626
9	116.83118402568823	157.88305493751483
9	87.69416368556108	66.97692070202135
9	99.07576498712103	36.24678040010855
9	37.813212457725854	144.7481601359891
9	91.69244457780798	55.558643199978064
9	164.85562463610893	78.36721666057724
9	80.99732453382859	188.43084641861935
9	87.43652962550635	149.11016352567674
9	1.035836038930512	146.3292194357557
9	155.50110923988154	47.017491537874406
9	31.06488996901419	90.79441378566753
9	23.930588566304408	133.66482159473742
9	182.44891991517352	106.04873073454894
9	86.57006388689518	166.54711288472515
9	27.35660323799914	106.6331045561929
9	99.84036945166793	87.43602095204557
9	133.08833600725933	58.55808553710642
9	60.75651026350755	160.5898512731299
9	89.34549166126646	79.7151242619073
9	35.184582549320226	158.28311128641707
9	173.74216625736534	82.73504958642468
9	10.098736394606249	97.85037837236575
9	124.87140695564483	71.82417586895946
9	32.50716838033313	183.35457181144233
9	181.97889515258026	33.86990983413395
9	174.59512928978057	111.65769594625232
9	91.56253941750919	137.1424766342139
9	88.3821225778118	5.870494547569081
9	1.813923404453277	148.9877216671752
9	119.28009236506398	60.53568244620794
9	172.18266140818884	18.73330889108439
9	144.2782599593478	85.82841597436186
9	62.69413441344216	189.58173537572645
9	118.97285928872475	137.55401555227405
9	76.14307488013418	120.93973481257814
9	11.738249873248606	33.783174269906766
9	181.26138290537648	66.29530425690177
9	44.42602259258001	104.06156803648776
9	42.347184964674426	163.76043637045933
9	178.25048431266083	148.94772796328772
9	196.30561290541976	28.143132007786733
9	198.3127722916803	184.77948782662764
9	94.99680756728355	46.57970757525098
9	147.82181560613157	153.68973047040515
9	126.63114866060721	69.38137562576622
9	104.88276966819438	177.42268712985577
9	192.21771709384228	79.6839950497831
9	0.019608419071204253	67.45764968874983
9	62.195088417369846	32.79733867473604
9	197.45000935652632	68.41866787718385
9	141.49848696953404	92.60966748528847
9	121.42161544944912	100.79369657459108
9	65.18310675734745	110.59952197146788
9	8.085772101151804	31.87385983724448
9	81.47293669117835	8.98355644528138
9	78.79520703545461	90.41479597374052
9	125.62263983340574	185.27796367269514
9	125.17934854101895	100.05367795919409
9	58.24316148504977	155.9665141099299
9	183.31805240353424	132.02480797467348
9	177.61146813335176	68.53605190139291
9	181.6483513936194	130.95389386274536
9	194.93630616273686	23.131912316233382
9	129.6567127609585	29.214103986831987
9	97.14055000411264	78.61011815359524
9	106.72989027487847	54.147456017473814
9	130.1022463003746	151.84019927945627
9	57.03883307369421	74.8770766795335
9	46.192066198131954	37.24901025570179
9	28.09283335568358	112.79017458586117
9	60.82313391129162	36.71605858626728
9	182.7555802336575	71.17451461378073
9	147.0122516156955	35.77569069123285
9	145.81042989934764	140.38232241494126
9	152.01011575883757	0.8443640762327504
9	177.10068641492597	3.3671282187289933
9	179.72130286143766	87.2583808717456
9	111.62933624066176	116.71119122767817
9	137.0583600387218	41.88251846610055
9	83.72308291835543	4.699355899407692
9	104.97633706592791	30.968058529420716
9	111.82287023732755	14.687332772772038
9	77.27688341502346	15.797633189878667
9	91.86056614329044	182.84435258712801
9	114.0973491629656	197.64033746732332
9	167.38377085294496	151.01672160959214
9	26.06611176461405	158.85476970168548
9	26.953440790825056	24.639590434631174
9	95.48042908450981	96.67263489128726
9	126.2712257148836	3.1983391281248714
9	151.9924775753222	17.88821351327661
9	110.76448236592995	84.12088242597207
9	115.76709068872344	183.6056587986193
9	105.21098160903733	44.13797896758291
9	115.6604297730704	166.8832675526624
9	70.30997701101256	20.43282319006363
9	56.5327193158102	48.307871109892716
9	197.1675289974309	55.238356092248694
9	157.1835564861114	144.0389659348274
9	69.52993241924094	128.80140280971113
9	18.81708737219742	3.7570537760109914
9	67.515798565713	46.28632856620962
9	70.97790799783235	54.58907105933358
9	24.94390425081957	64.65316517632613
9	95.9989639585445	34.725956128038945
9	189.63120178223875	182.93434242919324
9	155.03831982373623	80.45014353345135
9	91.92752447369361	160.87287498641024
9	32.5131178845688	138.42638587170393
9	6.058964428689649	145.26663768987584
9	198.24357070565753	74.64103946422057
9	104.0782576542415	23.607336047717723
9	130.89900857666254	186.35933061487987
9	39.45229042228303	144.40213880941724
9	193.55492678809946	44.77523356181243
9	7.001585075045739	151.10592007259027
9	83.38231037046103	182.62029165684646
9	116.88043699034569	105.21566531646982
9	127.84169831497235	189.08734157545751
9	62.22411753522829	36.68721924061907
9	11.835528625736856	89.99182062745979
9	32.139480519828595	89.75860822319646
9	148.69169861776282	178.0912880804887
9	99.66670283078327	36.54210767766125
9	134.9484186889623	157.31153529566006
9	59.64968316313775	160.1277986342754
9	65.7896820058985	124.37279291090107
9	90.02692124597559	71.65745218219178
9	132.34357235698013	174.72179442860738
9	97.95026160222005	108.59910980938099
9	97.10850734093526	29.148731529105078
9	22.435260471301433	42.87470530972618
9	32.23911318466941	119.57402834789514
9	59.73561428808216	91.64872458627553
9	58.2900196181983	58.11995120790664
9	57.035144333470896	53.43076460376244
9	61.47892815987433	187.07955609064607
9	79.99787132858569	157.52904900601305
9	63.29538486134891	186.20420326290736
9	15.618259503866938	190.6813774835203
9	71.0922937792667	23.397680137225052
9	122.86415122883568	44.17858624586137
9	87.22769972743009	2.9525265735915127
9	24.626224317203423	162.52564363888888
9	193.3406542186192	31.12148969269137
9	71.76422032906902	14.470040878459002
9	171.84442802034715	147.15571361199324
9	146.49050265734343	148.517381655863
9	95.26745782057151	91.15673797848575
9	44.02524779635834	57.68629836701302
9	142.66502335218684	149.59155306674273
9	182.24595373571918	108.09201707885143
9	11.06994423253957	124.20828109742814
9	161.89468350452927	0.298093830230016
9	31.58003410071086	0.8471167665499877
9	106.80936541418771	88.52142319124232
9	48.31312951156113	80.2819585814193
9	110.65747471384492	35.37997777483551
9	95.47255087279393	13.885498310577134
9	77.59063230492103	61.83295142262892
9	121.21528108444693	72.5393280644729
9	26.3155178852451	172.45685454631843
9	63.54582593202804	115.0950978404116
9	123.09817698471369	6.419364386573392
9	95.6062450134649	133.59858203712866
9	183.07677659609664	35.13058254120418
9	90.9130737356806	74.87873266685693
9	111.75889518100337	101.99725014944306
9	34.96300196631634	26.979561449834677
9	153.41798338598676	133.1825609297053
9	50.02841146890353	154.68390551076857
9	195.05617219309863	70.88918143191478
9	58.20005244937835	50.333779257136115
9	118.53218402546804	121.85155543356132
9	142.38416798940773	148.4217357163808
9	171.55984261887363	185.63345732214407
9	9.63238733641063	64.90325562722592
9	130.58301117477646	51.39385175943394
9	55.99699187121411	132.98452153342726
9	63.6055660986346	170.67398930052502
9	49.18480061159883	84.62909340770278
9	142.46325004520384	60.80120307698269
9	88.8938054081816	129.68028183923838
9	120.61574654322663	153.53702107142794
9	15.287151327093227	72.03363055347472
9	82.40664850513372	16.635749877002013
9	124.98329936795108	124.60107524325872
9	170.582458722326	161.29822856017546
9	45.33247516627688	142.9605463074874
9	101.5783174943677	121.49697013727877
9	73.60513101388898	12.479255506349318
9	108.17622881370761	9.879130881252081
9	23.045523799022106	8.742166563780046
9	185.36879583100966	33.753675907862345
9	101.86666967482722	177.57563651229066
9	158.5218604349448	79.4089668612641
9	185.60996289661097	122.12818368982295
9	148.00725727221055	77.23993483210666
9	35.218344914246074	181.59281865307202
9	54.64413652761033	131.29477865423678
9	128.227070680216	94.56511886359493
9	120.28234462323388	158.2600226222724
9	127.64002512208071	183.58870934750888
9	25.497322402056	185.25130542259063
9	160.373198189827	79.15385951483768
9	156.62641000983513	102.16603118244734
9	171.31007762278375	192.53855597761367
9	179.0340795816378	31.21741083735529
9	17.260655173478284	21.341545004037698
9	28.879255508376247	135.22753424865823
9	41.31126022596203	122.05615303071471
9	42.83569294352151	156.44409865299855
9	131.74939883550223	73.48425909005488
9	8.969836455575035	4.826228263904625
9	110.04919798796521	48.38161289412918
9	130.1878074325295	198.09692290777912
9	185.2384927469555	189.72173291003315
9	8.01622953680959	189.19146880864497
9	174.08757682184984	115.38452023133266
9	6.521437084498558	3.1240980485928844
9	65.11349683416302	100.85703535291123
9	154.07087778209416	45.34328972019398
9	118.28872570206892	60.617192509377276
9	188.29603098652365	114.40375295501508
9	24.95218732168678	55.93619161862301
9	35.9854326380368	23.12734456512436
9	81.19791024153562	108.84815483755756
9	57.10295873117042	184.80228705837385
9	198.0841331519054	12.018141118666136
9	2.5738376903707376	190.83946513395182
9	146.44458371462542	14.555591537756442
9	28.937493328565267	161.25411136619323
9	50.688321367193	14.797708075392052
9	27.485623027685165	86.36802214502899
9	44.85807267813891	71.19097266462597
9	24.718264180873717	5.74314511634077
9	27.906273225726295	124.96710702027138
9	110.95901048191854	76.06388908944268
9	129.6554647831681	80.0606113499988
9	95.81787109396822	117.93168667972031
9	180.83662104720213	139.2021857681562
9	170.40592425034072	154.65974429301048
9	60.44967282115363	157.69794169897733
9	29.055516342772734	28.72971965450705
9	131.15893108995493	185.25879305546283
9	30.147325788485944	6.242259463725162
9	105.23700175222086	145.27865371178427
9	48.1468145502927	73.95762325340507
9	118.62142777767843	151.04895906949167
9	149.94883391970546	67.51888860542027
9	68.8959914663356	99.08719216978943
9	160.07577449466862	172.1744248767422
9	129.05373710762348	192.81858249221358
9	106.13419054073756	167.49245482004807
9	100.89921927459648	47.64654129769306
9	153.66744033857287	139.59879213055547
9	60.222462629450206	194.06265594345513
9	44.11426246713077	72.93818370285624
9	72.49923540235523	143.15057018256238
9	108.42185634688508	187.09801514768162
9	1.378153084158555	68.25424681746051
9	37.57539380505057	132.73010729484616
9	0.8593709818521234	93.00710445576414
9	198.4356856314967	188.67980231547415
9	74.82002932655564	171.61171120654097
9	143.6590174444852	155.97144678027644
9	21.972462310694283	169.12178186672577
9	54.65465328722354	123.94536040088462
9	188.58267957975028	97.85356968125706
9	127.73257956172199	127.691849122169
9	5.577986453289981	12.040577714006673
9	59.33265891903318	165.1833238265367
9	88.90807496578628	74.54026158212355
9	23.2334641879047	193.82712465693118
9	19.390379056423967	74.23427987034358
9	23.09024351411358	78.55889882057375
9	170.54314791904278	73.58483881923468
9	54.52429133455658	162.83033189930472
9	28.617413676842773	152.4595542884539
9	95.1230429221676	97.26622903755913
9	103.5554030720566	22.993512984115313
9	113.12803767416256	163.23345992940028
9	66.62081953821246	79.60508842742382
9	95.98735920781911	161.40049403422546
9	48.816666585824066	52.46971033768125
9	146.33549894053766	44.780589442945086
9	87.70253750114921	78.654380956642
9	165.37521068413213	172.33841143743416
9	174.08053950155818	124.03618993175576
9	137.80452809740677	148.32988576625877
9	145.90430631800325	166.38650968343757
9	30.63884156556699	120.89315729150115
9	72.95375164155342	15.598291779959965
9	117.89498200494688	84.7701692674583
9	125.00328631478538	155.42151702346223
9	148.71023399870478	148.01886761418592
9	118.33886072023961	65.8745516864534
9	195.89286909740827	138.60911233220997
9	97.90123198450499	189.3238126747583
9	50.48194352640601	98.84069626946979
9	128.03212804111917	110.33002955836679
9	76.58947741412823	132.93795144861264
9	44.34155460688737	124.5434545754793
9	13.121032020952725	154.18603744183395
9	121.28806614601501	146.38302456997434
9	39.77734448846016	108.12125664988855
9	38.91561616172629	180.09922718517186
9	10.390370253319588	171.1943403325934
9	14.158032361548322	94.83496935040591
9	72.13287340496811	97.87472336979874
9	71.10290437726866	133.3949138089497
9	182.2399697005116	92.35498840302444
9	195.91801439813588	9.201277076242633
9	163.46148839367373	69.64122518170018
9	50.55253348147977	53.59921645011369
9	3.4154235004950237	104.90591666915691
9	63.26734442020705	68.7958302816578
9	192.1484698569405	126.83326594622343
9	95.22623397726977	12.184752533954338
9	197.8437399645465	59.59681396019073
9	3.753872949152992	36.85148526418817
9	33.68010238541851	28.66960959045568
9	182.9392396559366	157.68802381741034
9	6.888106260771508	10.549577899053247
9	146.0907454494352	156.29767812235934
9	87.1615031027278	171.77699706580142
9	108.3435945951843	131.96481643920333
9	11.012335031695784	51.51072244182018
9	41.21973934663768	172.03698550466686
9	2.5085795465133174	109.27507536589286
9	128.21630617881107	180.39970314581439
9	148.79084787054353	142.82779956853994
9	138.34542511102956	160.27500855242403
9	80.2294129354421	172.39557649450757
9	88.0222094079769	46.20129121269923
9	102.22314700581012	113.29917392198013
9	62.68351825610989	116.71751943972964
9	127.01286672672268	181.9734237682821
9	176.41600594915388	178.90585820862566
9	138.71567070068085	167.8415775899042
9	37.67915871827415	89.68684817761925
9	11.302890850379157	182.610890814296
9	32.18246983028661	45.33252014552485
9	108.02851048708703	154.48731029319634
9	71.84019745891425	21.815789654133425
9	148.87618654647366	90.06204256748356
9	143.6574423040642	120.51112994869499
9	162.4454187400778	110.52544831590126
9	24.354985312364704	183.98159217195933
9	76.38856382341481	34.76630229384625
9	126.7190510411861	38.15313424100185
9	61.420387118035535	128.1151337322384
9	63.02086552885828	108.89375477950665
9	93.98853304196291	141.95606778476707
9	112.8758651517291	158.1216065282103
9	14.954182543818774	175.07937096490838
9	172.29898738870207	56.39434205613685
9	51.83732682872818	184.56380085051097
9	136.08378392831975	22.852089844758382
9	144.90010141642506	5.022144963437427
9	107.22447352104257	135.11776209372124
9	188.02671825791356	40.66551756941345
9	103.3144534038156	24.11284728897448
9	81.76832639866848	111.45503855412693
9	33.60168508233366	56.32495324019959
9	78.06135261650314	114.03481022237594
9	144.00753119381346	30.101382942792952
9	137.32760376400972	169.73748301507044
9	128.46577857764578	37.22271742463872
9	73.25582711162997	162.8167697449643
9	178.84485077281823	195.37023465665249
9	173.13792519056108	58.50825202258545
9	35.14059710585576	165.6449030704452
9	104.33040824226327	190.33763933140375
9	165.1235721500655	126.09101728559745
9	78.24065066840416	112.13249799190368
9	132.4354836954102	86.71584545889488
9	82.84769054310937	113.34189405290778
9	179.8764134965336	113.72852959685912
9	58.50973339687437	29.003325409675142
9	16.727386057185214	98.441452849288
9	194.85797628786725	154.00710811625748
9	138.4544044261902	9.204795307256433
9	137.5403151279886	112.68219413835271
9	99.87321618495622	23.848241481022285
9	19.081185372542876	175.96868537533317
9	5.72347337384204	72.66549012265045
9	135.84497334501162	39.57222551939958
9	135.00603973664516	195.9984773560255
9	65.55910794802315	32.840290509312894
9	183.38876408538255	8.848704519536511
9	114.1479274018883	76.24626972988347
9	134.00932577918343	108.24949433896626
9	57.523134085534025	82.94105574277319
9	102.98549531251109	28.772993033934654
9	150.64098613590335	132.22963773936323
9	45.70189324857688	60.26028318189333
9	0.6472319327607465	104.39514751836288
9	165.86277968182662	19.133476393581304
9	32.09415586004275	64.54241018724753
9	164.0765870033655	89.83010401877851
9	52.5628399891863	92.10561857531303
9	137.66623584424292	177.09008349517228
9	136.84780436975842	113.05686714268273
9	104.92232733286096	71.49479978102124
9	181.64320233892818	190.7134819483386
9	124.90388523772816	85.62262605949729
9	3.2862213637003492	86.96799372627754
9	104.05785318659343	11.129907362053387
9	196.20735691894862	27.63514551618971
9	14.97490293431838	57.283910849822746
9	9.554561897686256	16.35773045570116
9	142.64390642226118	87.01536123532429
9	166.19106085047565	65.21829493107049
9	137.52625859356488	59.9872280063413
9	74.46694601367699	108.75684707240964
9	132.8158849735736	101.06172381098969
9	45.758881174986755	92.42731888705373
9	119.89767349377951	68.12185443146836
9	131.76951369759274	4.593495511831861
9	192.60604722045645	172.8564195379368
9	43.576282419391305	36.72773236398004
9	17.226245211915227	97.85393350093977
9	44.69873253984454	161.5844939437872
9	67.52268222144721	82.13322491782174
9	86.55314514031738	186.1815768855232
9	152.26011244449376	163.29747505137288
9	76.07471193817338	22.39079199036388
9	21.440134292733234	88.33147883818316
9	164.54135915661453	169.37797679798024
9	162.48952096504462	163.57378722961118
9	105.22345619115441	125.06695505898784
9	80.15097898287462	14.410435886613357
9	7.699945871244694	57.28467967174504
9	29.62535245664398	58.02337648177513
9	173.3327956674541	81.46288691548716
9	81.51640281913365	191.09845182103624
9	180.75669575121321	147.05659565513537
9	89.60314872706431	20.05927760154168
9	129.63885655442107	54.5284932071024
9	178.98190651181915	61.66130014439523
9	82.01402602279592	131.26843104183854
9	21.49608293643587	108.32177209962657
9	60.0815258437126	99.47195406242957
9	64.7929745556794	25.67771669913631
9	13.470936519480091	165.23502840030466
9	115.01357763203168	196.05300001585533
9	175.2685993747911	28.031987723971326
9	151.8343996225168	181.19999819317695
9	104.04996945651209	95.29079037872509
9	152.79657780848987	22.751886417983997
9	47.7467492254101	148.4256824435048
9	133.8069575247174	190.09427282148596
9	53.83866604065554	75.6176116510411
9	138.6422908046149	25.87649811519387
9	192.02199702791398	140.38546865277624
9	119.24237918304408	1.1791711425906612
9	142.90420470811478	185.17961666045278
9	115.46767335681108	190.18035714744303
9	97.58492820052311	62.68586942136187
9	120.08467377747547	148.82803325620364
9	79.5956379001326	95.06857187138752
9	142.15182805094344	98.39987284183883
9	92.36130347195069	102.77166855493698
9	70.72815659805093	197.34457915725068
9	26.949309111484382	130.24904358463095
9	89.39329235030073	21.893102610543394
9	81.67957123740115	17.01699236414416
9	60.20535617836231	71.10353985348587
9	143.89332085759872	89.15383647198144
9	59.56171060910441	35.85781802047907
9	11.1456356711615	175.44180729117255
9	195.41766524377493	57.80443471650784
9	40.10226630969805	51.00640340799063
9	75.88695887178	187.27436429984476
9	2.9793239894793544	194.45707083474412
9	120.51452362141163	97.87738152706095
9	84.35780278252156	132.7396790561404
9	197.213815071091	66.83493243928405
9	82.39589028955203	20.47390872881033
9	89.0331310346732	114.02737418743487
9	105.56853316581834	196.3314536500567
9	148.32311604791693	126.69353075433037
9	96.96780464623549	144.61450765799816
9	37.331311794025055	151.61498120598776
9	21.956606616316463	116.43928036750577
9	114.92308425354929	58.77872648954053
9	17.968769400835868	47.45540982683548
9	157.86186307370593	57.20284258513226
9	149.6347571123075	152.82212260336053
9	136.67722899650516	23.422575331335082
9	44.71284126623698	61.67522126066041
9	65.81047228533373	174.22881902162294
9	99.15145960677586	2.31533530754308
9	77.30937145570385	148.97546731802748
9	105.92948614945908	28.67341488279692
9	170.9570611383599	140.74011171704865
9	65.06373949054318	163.67332336272267
9	99.55034372820927	155.3035382484461
9	159.48199177313467	86.83111210521662
9	46.75565220822793	105.48789805940032
9	177.41178161802713	105.93487637281748
9	64.92885815426177	174.19435076537894
9	4.644345907158822	51.26800753196727
9	21.801715948098234	124.7596847467276
9	33.600255662963804	148.51870681297908
9	49.319711379697	181.90110524202862
9	160.76126989685713	56.992404344175725
9	139.05913006200745	14.459308547662886
9	18.562058373335276	138.01390995284106
9	141.63509828799647	89.52177297541908
9	37.52043642414043	67.09710799988022
9	74.57969353906589	31.048104555514698
9	46.48680041000836	46.09671939504119
9	58.19766748314271	103.82812798941933
9	148.3200335171287	199.92246039599218
9	55.047533098085296	81.23515323438835
9	63.408315122883266	198.42058889636996
9	30.056349650915365	64.41102431515122
9	84.0831542472244	98.2396903883697
9	126.91873505268484	105.43211463992435
9	173.9457512168829	52.56729607735036
9	88.40838198788805	47.17225954043599
9	123.10373947915696	15.282094183950704
9	126.29422146466419	100.2407305959623
9	115.50229915029473	54.17278353952787
9	145.82515090518228	124.19853148275752
9	66.61760126750812	169.95635106847413
9	9.799435015225413	56.46793463029991
9	131.61869811318564	9.879468087988158
9	28.068465153082514	125.83009001583764
9	97.91417174020694	158.797514110875
9	100.90410495811557	34.56262134472499
9	40.14850369207363	104.50513621199968
9	35.743129775808086	193.03018041964702
9	171.8516813700258	57.40353187275758
9	5.5755130908024455	12.144936606267152
9	153.61522229858593	177.99487794912932
9	85.5036042166517	35.048988809082346
9	142.2060022478189	119.26347916655533
9	66.19358325945359	188.67277937818238
9	173.87298473025055	158.51012288897425
9	137.41350351613204	196.98949535192713
9	169.5369653176317	94.39857804358394
9	33.3951091688709	123.34825571151208
9	80.69984429573424	141.06314866515123
9	142.21528035402417	109.2089071282129
9	197.1816211170314	140.39689910976938
9	124.67702677402099	115.7601107400589
9	52.57436056345162	102.31751605563346
9	100.94942015826291	134.58780692063186
9	170.6276897615317	97.40283596259297
9	135.98445108203356	89.06042901436712
9	8.717671906295806	149.91677351967962
9	144.92800717424024	177.78319780285517
9	91.2232111612463	158.42441959783446
9	123.97251009877925	52.295247961103456
9	53.912444252216346	87.75538049851212
9	3.2478525426953695	100.4419382528942
9	63.391630147631645	130.58419808153286
9	198.80310789528204	85.19454847448162
9	35.45603141030159	34.19052651752929
9	150.9601922581764	179.94843468012579
9	26.2157242441138	38.33686833999096
9	152.08143036951742	8.515415195626588
9	67.46144130171888	15.068260314419604
9	194.98296367115637	21.36457567894533
9	47.18240928793827	51.213011582391175
9	49.829907964386365	175.42628995070368
9	145.95012379648182	116.83838080909459
9	170.78018887767593	75.9358069815114
9	116.2299549107131	99.30893384511938
9	41.59776378127907	130.17605148483506
9	32.010964438970376	178.39353372377929
9	182.44544167265298	50.35369881346173
9	77.71808235460907	174.86301696054016
9	151.88835318533688	68.96832081723414
9	179.77685120609078	11.861518436850332
9	69.57967949228373	64.87765899378553
9	13.336581006973176	56.026702072126966
9	157.5914390232416	118.17036545856325
9	41.35752626933106	27.373432957676073
9	47.097699654764824	66.0588798425502
9	131.60622191785615	92.24133529179784
9	122.93221384935003	14.005069491540269
9	42.09114696254227	37.35509796348521
9	16.280032313504734	96.12362396503062
9	135.04076623980473	13.142314727096732
9	186.64380903435773	107.94756068364853
9	34.30577293379304	19.874515358309225
9	26.400665652970417	166.79366890189874
9	21.435923834626124	118.35442899429796
9	128.67263858964628	27.579571228124024
9	40.90434147134155	196.92032887427683
9	2.8427766004581656	153.24093830869685
9	0.5339214434667667	97.01810050988644
9	77.89916664537816	167.27598131208094
9	185.5442659971269	58.92087933509862
9	94.09797028161597	103.08548300907796
9	62.56675733668993	159.1563424786433
9	43.32226906402582	135.0188293725451
9	35.777670931721275	49.43735846340883
9	116.29946041174497	60.78251567221383
9	33.10463045154739	193.74254738638052
9	195.44843068367214	65.07140634108936
9	177.00476949263077	49.468818333251846
9	178.72143774689818	37.62514016544475
9	179.99202563681672	133.70887848923348
9	58.9481681889892	93.18008011877885
9	98.77038759989875	64.22203367957349
9	92.87235897025585	180.0069516153277
9	184.5819329348369	129.5024589353717
9	144.04434109875683	45.828858641769614
9	184.95124804745637	35.31029060240809
9	11.447575539029344	75.09587261762948
9	32.412014664546916	197.1426556696801
9	155.87555009708598	162.83290352253613
9	185.25903186297631	157.17259934593608
9	18.263583284846703	172.07257015450733
9	55.866948024949835	102.21000600886947
9	99.36951971276386	117.71221831457012
9	93.97707959496285	194.50722040275423
9	43.08821712230545	130.10229857645538
9	155.7064899602234	137.14366680943425
9	143.71895632453868	9.505667500462778
9	72.93050230102654	88.86457379168115
9	167.14912839872903	172.5143811343379
9	74.28353551168738	56.62767349421995
9	125.47286310426716	4.79254174033241
9	177.9544495176553	98.23072007712886
9	101.65822864950269	70.42443531347789
9	191.58452746836548	167.8804318265648
9	44.788368987590275	132.0734195080251
9	52.77981071649231	83.4399065759668
9	79.22829354908333	116.90771403048643
9	120.67414064254854	69.55889349373166
9	75.67562549341511	74.97003332719288
9	42.97584694315847	137.81424571705298
9	51.53783794306875	135.70504009685442
9	90.21027665900425	10.365412889039987
9	29.941306679597318	113.88189446965976
9	35.85546420195186	99.59810172545548
9	49.07680106942519	167.4362347498647
9	55.31696121074381	107.4309002836145
9	196.30916090787662	6.815543624995598
9	164.48720282614522	110.4461708916823
9	101.65839338199964	41.026390123443036
9	160.23241020051017	10.167231263246578
9	151.9892106586281	107.09969286932119
9	69.20767083769493	25.642402469014627
9	79.63419056102026	134.72934443415522
9	81.27269219547685	135.04316867828703
9	178.27590355090632	183.05769479927142
9	122.10784382205509	53.13596446504593
9	124.32835267418312	131.479935149185
9	69.20952063758642	173.84185205295643
9	68.05693579702876	75.77932653968685
9	129.2233795109118	117.72010892120977
9	39.40638052253968	97.30495310371037
9	104.40005154623549	27.514694694372167
9	191.43983001929274	13.969269107393472
9	79.14676267611969	39.95023146804408
9	143.65932920293773	75.43947018344534
9	126.09106938723966	59.90616383482046
9	122.95689226106236	73.67917564372755
9	85.58688173407995	28.760313605992224
9	170.76354744123586	170.97902518939804
9	144.66933328521662	149.55976183439304
9	116.67626533965375	152.761292568645
9	139.98807577274277	2.370037348220933
9	158.6508411634598	3.639669021864222
9	2.9274249113091457	95.9927755444134
9	134.77892702643578	74.811218227881
9	191.15069180795473	15.152425070374022
9	16.17214541216191	124.29133525129077
9	150.35245167590745	87.29056324556893
9	96.43850182832796	10.287508147659622
9	95.16868198424555	166.42685154566908
9	80.45426967074809	190.98228938364713
9	79.0343093035113	60.38241539093707
9	30.804004575886438	103.6410856297174
9	138.18678845792817	103.85933420506586
9	142.42135118924972	24.510227853428063
9	124.67751860009815	56.56164868984979
9	187.31417316332386	127.30075182829466
9	145.39124284975145	64.69654336001378
9	31.092409618534646	190.73406698182401
9	113.15753101771293	96.69739153630707
9	181.92746756993523	6.7083571968233
9	78.6510968993669	160.14769585142403
9	62.26979234069364	9.375412728518114
9	179.27465010719573	2.4058058366934176
9	66.85984238705151	141.03922401312985
9	117.32933959151387	19.946601755351253
9	130.1657260280581	148.459912711318
9	167.15412617014385	67.7617731732725
9	33.878102312112105	152.82371660495016
9	70.1746523485644	49.93389819679345
9	129.9662827941379	38.20696284082126
9	141.64697244448269	150.3922735575261
9	132.78496055917265	104.18237242454637
9	165.12696579481184	193.43619479472648
9	106.9387019317416	197.12030209240714
9	74.94332009094927	22.63456032101749
9	131.54131318641788	27.379268919798648
9	75.4531929582414	162.36840912515606
9	19.512332210679432	147.60976388696702
9	150.4310491506314	132.78593351582788
9	94.21288694130754	96.17051160280835
9	54.72553989787886	107.9831080003517
9	164.9634338078879	75.11767257480864
9	30.340921257416255	14.485970076088478
9	15.982859468681369	49.35940011216036
9	180.66394912042722	133.39167914203313
9	5.03259400910369	168.10886900783947
9	175.3585594078179	94.06498525148294
9	30.90415468625065	149.3430888522434
9	62.77826121603323	101.50049282007063
9	57.25731535280738	57.363421029330766
9	99.23117348462506	80.79264569736392
9	198.47508498617918	81.60906553816955
9	63.163756001732	115.23423401856485
9	161.18347899470962	186.2292521430054
9	37.72233964896273	15.74184980543265
9	27.54971596908561	122.25928016832472
9	61.84628094298563	24.361884022930013
9	175.21553914871618	2.959688276574326
9	145.78325803849617	45.76883193869969
9	124.76097539897751	30.248716694341624
9	182.300061036385	10.71541081432602
9	141.43865527745635	98.28185652081169
9	120.75695639049798	82.38927831694389
9	58.49085822406329	150.29201659351423
9	67.07059681640538	68.85557008720201
9	66.12326603244384	111.3784716670865
9	121.16685958870715	107.17494983583703
9	8.750299596066668	119.37482511074131
9	38.737879287179965	184.85725836366106
9	147.11694938190874	121.3832453291306
9	112.94717969093011	41.05546743628881
9	127.73383976992096	116.2891045193021
9	115.18782695463034	137.68348596652447
9	91.22329133691107	173.4453991588784
9	70.63465955736211	186.13888267215827
9	53.865071352865044	180.04399137729644
9	81.2538361896481	151.38233484420329
9	99.93397597879834	21.948077599084485
9	175.4777132975454	88.43628274143128
9	107.99851957713759	118.26473111261947
9	147.2873002882542	130.10586511308253
9	43.69193100745835	182.86448291728647
9	12.651724666961115	99.0948326762441
9	154.90617094428558	29.593044732333652
9	70.64153804898672	146.6158295920368
9	83.98545627742823	63.33224084489058
9	197.32633804725145	123.5062889086418
9	98.70061726568247	48.01420415572673
9	121.3167670058154	114.68522704678719
9	85.71380834598932	43.64221992939247
9	146.44391851326964	59.95838395841804
9	84.01820461819932	33.266809784741156
9	120.52894524776053	18.12145152491982
9	66.94428273685048	16.68401209474885
9	6.136309165148106	121.0083613615322
9	73.79969893684586	91.77318872046311
9	84.01586764649716	4.997993702792201
9	118.09838442230756	99.67902489461545
9	97.23352418894405	110.91017373893493
9	150.71291247824536	95.6495417545222
9	97.23015304226197	142.58349865758686
9	103.96163078260884	84.39202415784484
9	187.10044487290094	84.40962941860909
9	138.00145059211945	183.69426040615144
9	183.0824329578773	22.494781545327726
9	43.84752785194314	69.36872437272228
9	158.25789362494947	129.0579004257944
9	87.91199085461608	57.906788639349315
9	54.48821135297601	127.52419990776792
9	193.53219296256816	51.0981737592565
9	155.88560586502604	149.12494195433777
9	135.41023557440633	188.51238944893765
9	49.49900944798918	4.174665040298294
9	134.68000542994707	145.58280481269412
9	123.11933628050718	60.19439659288264
9	31.760538349860468	90.70224532828695
9	106.18406445563664	72.65999480312348
9	38.52267306806749	183.04442685239673
9	51.782470876409064	65.09751509169172
9	163.95494941852616	162.92506742229176
9	108.11878475845435	1.2741381522469624
9	77.53401312200538	178.61224580723308
9	107.80174568652745	71.07823536658526
9	191.02263872621523	28.64822133067082
9	159.96390804686268	12.826816061226367
9	198.4355017961281	23.178699883715183
9	50.699171183068444	7.619847245090739
9	145.29945056586223	111.83527792954396
9	104.76466713305666	39.778202415185916
9	117.32966389115921	127.97952625263554
9	76.61149011158568	87.46373793100804
9	129.622026303477	99.50631597597868
9	48.91238061609337	171.7460841423739
9	16.819285738482137	193.16742531310751
9	64.7440147357105	179.08341269163958
9	138.76534760959152	141.88213453576003
9	33.47291578805715	51.57892274647077
9	62.64760969681947	114.1216112529251
9	0.7046448950490571	133.63294531613275
9	180.5754141077487	192.94609360184506
9	100.53266612118603	58.97978203147812
9	151.04462364287008	22.56811021913586
9	147.89318119896234	74.1774231592122
9	5.005512198492795	195.93944734690433
9	162.43789705494135	5.326972527213314
9	78.76556656330382	143.9633861420985
9	104.6301359765942	84.88454922366896
9	172.4285721922434	166.53509267646666
9	133.61284787534373	53.081204155676886
9	11.878196961479489	102.13252954527212
9	139.90070500426606	117.18883801988221
9	121.46414292609097	113.66585555569031
9	16.81536084190074	97.96712094986668
9	70.68650669508492	153.28002990852463
9	98.91929125169338	8.526901934664807
9	23.594218161419633	2.221068794956153
9	173.33873754652222	180.18892647730718
9	159.4509875520505	34.29196446151474
9	127.38295318400458	26.07496911510654
9	127.14088248171191	99.29068867825742
9	198.2916862822168	193.4442692936184
9	11.694116509083813	177.5886413871674
9	13.390573315135327	158.75643976504153
9	80.89078134878781	33.29439367704964
9	42.25276553245277	94.17743192528872
9	127.46607172392947	55.768854055829735
9	78.78483989192085	14.709377218153293
9	62.13897530715593	80.25374707601208
9	154.44498752296766	161.91811835056217
9	94.07280295028062	19.019375305419317
9	4.690175362521757	163.08119947500887
9	172.24826780291005	47.63868892797899
9	111.13652867817336	145.4762230487633
9	134.1976333202715	112.27567376184544
9	154.7287673876524	63.367189065621005
9	156.68159112260696	27.06213708828193
9	66.90060633522012	42.46022896165945
9	36.522049944860555	173.37986491309306
9	89.33952930837165	128.71550682474935
9	54.48358511603169	64.56649879455824
9	32.612908201113555	198.31525858413357
9	89.52270497531924	126.01789733614027
9	95.43604522056631	154.70840883989598
9	192.6225158490862	170.603728744462
9	125.63964270141844	146.95189545057684
9	93.95977037926968	165.41626108522883
9	161.00053427710952	160.89808208469526
9	166.85471829213367	126.30212439000633
9	115.77619250312836	92.24738107428345
9	57.043313128369334	144.11611902651617
9	177.7857212983115	135.65522646243494
9	135.2192126249539	113.34023788565418
9	178.4307808572769	114.3837688410074
9	173.11975037111705	107.3934872649005
9	175.1088453274661	118.10386438223958
9	135.22512940708282	199.64519836495964
9	72.29594317042489	116.47704166885018
9	67.57180261768468	179.63889136895955
9	112.29706000670109	188.63906292713887
9	60.00663490390991	73.05634719706882
9	18.51025275075048	79.8659066066187
9	162.07989866898356	53.67574326289173
9	8.736772697625867	112.51328801310467
9	99.78730853375015	177.68717546918367
9	75.15340505063784	122.3339566488657
9	154.9377504500702	29.86282273384097
9	127.42794783137134	33.24424796973466
9	179.699628641797	25.369457695518008
9	129.76269592022317	187.12137589094306
9	48.94134985701521	159.76701419225543
9	30.038415933870652	160.88774306146837
9	50.42703239481082	84.99918387527117
9	179.58999131972018	26.825528870471572
9	190.92931686001327	139.48690949345945
9	22.716264061493177	155.01830546194878
9	55.31908753684735	4.923883233291349
9	122.20671289061823	114.7661642868257
9	164.81366858054292	144.09141115498005
9	15.063713234103432	103.58543322495484
9	171.7868274215487	171.8464610667964
9	15.139255804919486	45.52842043516611
9	175.62523818319568	180.61622553353868
9	197.903909357298	50.26247643240268
9	66.42867576802365	103.48524768537561
9	0.8176917748917845	12.545065188461336
9	83.32318995019807	148.4236949410971
9	19.9131298459871	127.2284371827011
9	94.08903617723064	161.1441553825485
9	8.848461631180413	80.92075575534682
9	119.61397123005952	132.07140143601958
9	166.60586939956715	111.9090002641023
9	142.45530273309384	176.9344427036948
9	153.63969198468283	144.80201724625397
9	122.32068131109952	181.74100107233897
9	172.73831686819483	8.372405936971802
9	180.53412159290565	63.000869628580745
9	166.81193049918915	10.11484727117616
9	21.510213520214705	114.44005473863109
9	179.05859879991874	0.48947995585129433
9	46.28363822172662	176.2456450072546
9	27.016658706879326	163.3902337678985
9	22.472535499983678	92.48443109167607
9	175.9219904559701	8.259135812098691
9	101.90375638770269	34.81661228256766
9	26.99927713948952	109.39159952898734
9	103.03895532669725	195.37246992767467
9	176.95562693867464	166.73046269842484
9	38.60389802385825	70.40302835552865
9	17.871047448746367	117.3090844172205
9	58.51887288406971	96.20120701143213
9	150.73665878621176	18.71351800600567
9	74.87458683453906	149.58988067223692
9	108.94875000721532	88.65731359284598
9	177.97886795397807	113.70832518685796
9	53.80025881614711	60.74905411664321
9	41.28075385913209	13.61315591017646
9	85.8122876874699	68.7016638725521
9	130.03021311754173	50.70554875867464
9	176.68692245697156	70.47552133896005
9	12.75429082275727	36.42114937046435
9	133.3568611943312	95.26417907572147
9	121.7829395506401	82.29541839001405
9	179.30320433504846	13.870172734472561
9	94.3282611443206	121.72247733802573
9	144.86399896486233	26.315688368064826
9	47.14645772296703	124.81275332346422
9	96.91878550303755	15.48104262173058
9	188.17474434323987	124.09249897802624
9	19.309234681337728	198.0754645987518
9	16.606096439933992	120.64865402286733
9	143.6905947890599	37.25434918280345
9	116.09090151100798	120.60951314034145
9	175.34122036634398	116.18312823276898
9	110.59488617452644	21.252766439082734
9	143.38106483210146	129.011647140778
9	111.89799244227157	49.05028486041974
9	142.7216961655953	51.840425975353355
9	17.31863995833001	42.810842943645696
9	166.17070574345536	100.44697302436839
9	95.44111976829686	88.77911534339864
9	5.37706244371833	43.35175268855207
9	147.38233558729854	85.7400436976776
9	17.815127848698978	147.15992422753305
9	83.41095782813989	47.05712888242263
9	169.13313238790124	98.64513269732174
9	25.076522066265085	85.90630118504396
9	100.38448768019975	167.52694301295406
9	156.16092276156434	146.68037736595198
9	61.75309260205779	8.536971080682463
9	137.57401526247094	170.99302645960762
9	61.43253074455555	48.95520754338173
9	8.44485006601957	90.62032099513158
9	199.7509241889038	155.4581299649941
9	114.8546096634924	78.85360657373269
9	112.82427316737716	129.78802626798102
9	26.12433480010145	144.02197816310564
9	146.27423914275516	77.89565542476765
9	153.46266265781077	157.45763657327416
9	137.3314667858529	34.23677857931909
9	23.017144633350284	98.9497216281585
9	85.56299940755372	47.384576313789665
9	153.57415458923828	3.1164319473613773
9	57.53783355702814	195.405196803526
9	34.597323854828176	22.784427600619438
9	59.942743861915346	19.621656780368653
9	134.1363017871169	100.05131075435258
9	27.983779543797965	114.23694865381668
9	53.49548162535035	58.877199064990805
9	131.61617534152901	85.65616647749346
9	97.07345033545198	23.5756459682392
9	12.728469956325625	61.812482774873786
9	1.3839866570141908	169.6690338264259
9	174.27583808379052	107.87265317563129
9	110.19361065935323	47.359307870688525
9	70.69111532843368	81.42146193782293
9	15.582070525069327	63.8718773837893
9	151.5594266631967	106.10839835730673
9	121.79233701179015	32.20115703819877
9	191.59045126475974	111.60758220218298
9	114.03826744872731	48.24463674536679
9	59.05131421982304	176.95737881031107
9	101.26540899884498	176.7993308704875
9	107.74715991670172	126.1738472482653
9	12.5230031594092	104.48311073435332
9	188.84042062177826	181.67214981450087
9	119.42128077015417	106.25079096207998
9	114.39075005775152	183.2994475784211
9	163.55079393039568	63.30382775238428
9	121.15925504394153	154.15863599910995
9	56.61079024340597	177.16953966798445
9	65.41713958395536	129.24121326485067
9	83.23546630416382	197.07514077110307
9	107.99658238043139	71.68279444941061
9	3.8495015344999786	5.505609686747704
9	75.2899392834994	45.00763667477571
9	154.13855303690332	52.24421852907878
9	135.92376816851004	141.58337284645552
9	199.4616882600667	48.914614136364605
9	198.71372796676656	16.08393568628452
9	102.18226938967149	183.3311135908819
9	158.9352154729603	72.40064340389227
9	170.6491080413344	116.03917098175975
9	181.81311978755906	94.83872910214001
9	159.53460289242236	68.34789386213339
9	50.863172837162494	153.4629187283487
9	41.36214186088614	115.26272606282487
9	191.955232998385	174.16745044058626
9	60.92313351675807	51.42303131600002
9	158.69780810064867	183.21994874043384
9	157.3271322795298	104.62295562455182
9	132.06384479945694	44.50992917204687
9	77.09677577395325	15.357695692425608
9	3.8755233030427974	193.54018344764023
9	120.1683625175703	110.40943078631551
9	76.43071114819173	59.56010763636044
9	122.12503306179735	197.69643718047558
9	34.65066980285502	179.96303502780597
9	79.50608129690909	121.31630943471396
9	174.75801870660354	55.51205664816777
9	17.828026909621286	29.165066626130937
9	188.56634950099516	187.07085952261394
9	126.76877513499971	18.896451412532883
9	88.51459031337953	186.93219634702353
9	69.41323332329699	96.61295852343687
9	5.960156578816765	80.63892743987469
9	110.20378984363026	166.70988929810898
9	155.85991629619775	164.78033661903874
9	81.96580668628951	189.20785495061693
9	145.4501905200322	102.9545969642308
9	76.7839899510638	13.475548620235799
9	189.7534404674475	79.38226391514968
9	38.22064000070435	76.33037159201297
9	81.73506584339111	139.34065828441697
9	83.8892631610255	129.9514565992294
9	198.72092753380548	172.76633304066564
9	3.9037943732695624	3.085224291384179
9	93.46837055586178	58.00587338767912
9	53.61218937112727	176.97630996957685
9	95.86151481593254	94.15677711491753
9	65.75014628530039	15.068068077854463
9	14.043635093865618	40.39993849018734
9	48.72732456735167	72.26081788798211
9	182.59683749092773	146.14313747751726
9	101.20296230304314	151.7552103210973
9	165.0639165440648	83.44870688131255
9	50.78701846000874	58.345716882797944
9	178.5596518538992	185.63712911387012
9	22.225531450236787	160.73074236504334
9	64.77294225889682	78.16465812231218
9	23.04174694363209	36.78608686491157
9	98.69396874651017	115.3149265511712
9	141.46318160262285	164.97829808413502
9	96.58174087564106	92.13629198220548
9	131.43692385823164	196.5924409900182
9	191.0132956345892	194.964913056194
9	131.31335649680835	115.2511734438304
9	43.31749756847074	184.60531189517792
9	117.43133988173298	167.11136343938762
9	10.332071190793897	162.232429083287
9	66.4490045571468	155.94962598024074
9	63.65014865818523	38.869783402869956
9	52.275864420125544	147.62063340731612
9	134.97960206097758	17.420745056063993
9	149.590281345522	68.94832949296392
9	169.91541117244384	71.57940954472281
9	105.70557161783438	130.29823331248235
9	84.11091798866909	76.93795242967212
9	9.419488303779929	174.82601314784398
9	79.0035400423397	119.66259606675112
9	95.56981426648241	83.70470719599246
9	189.1388832193769	124.41377358614477
9	7.372293639438425	111.84238370841433
9	79.79986127933023	64.85509818096682
9	90.00005851410077	54.359201968799255
9	38.39646082453555	109.18664470343373
9	0.8929175243883094	150.0153678900196
9	184.83039388389653	56.72090839695636
9	94.70602921721178	80.8011664124844
9	197.96989638109335	91.31939282633198
9	128.8527878988877	8.658464084144356
9	25.24113035122241	104.64584483836069
9	23.115874024168505	124.76471900112944
9	59.15887891534646	140.9025348685351
9	80.43387342389997	39.18463271978899
9	113.89575796822118	39.803870180544465
9	130.7529944792061	154.79543993866287
9	125.34449159477037	187.5466205917715
9	177.5309844488968	93.76737365697568
9	158.43199492861316	141.38560442376667
9	30.253104875952715	117.06594357212441
9	26.182005751528862	130.06328386525036
9	22.663380794545162	146.4635662247004
9	162.0830986331095	107.40487114450173
9	193.91047818641738	96.5544812747487
9	51.53105824901928	188.26309274788673
9	76.79634661750259	1.2644999027506003
9	163.13874557302978	93.87869360638894
9	175.14261282163062	63.92560271225369
9	154.34714434461984	20.845432574757893
9	54.498514815195705	111.76156976283283
9	160.24102260747736	90.82918317615378
9	100.81838351074168	146.1410998943171
9	183.15496391882522	10.787579322314883
9	183.52499014632866	8.256709006242687
9	68.46992397678491	44.123286536513575
9	76.47141344031627	0.24772092371824783
9	92.76826673998858	43.604637904225996
9	133.73953672136003	38.51881632478759
9	78.65193826422376	143.31902500171708
9	11.149270429525075	48.94856630549657
9	162.5188654001263	137.10607634474871
9	31.983364950576345	188.95309983255487
9	120.04969284194232	43.31735802357315
9	58.2798579398401	48.58125689104901
9	49.36302111585243	43.23765518740697
9	182.72711822021097	54.986660301007106
9	181.84509422984405	120.96279085822823
9	133.04495052525164	184.61780199998083
9	50.11302935649803	181.6417807947247
9	158.46501699137423	176.3511260949487
9	189.80527874031355	174.94667633910916
9	127.21360874076487	76.90237212329095
9	145.93985658385617	179.5874110313319
9	40.26183083167649	147.78024818300815
9	177.31959593623492	187.9421959833914
9	35.36912727619992	141.15382862546915
9	159.1700580055329	97.79329445944802
9	179.3934617696458	70.94947180132249
9	178.0818200869548	118.78444007780087
9	193.1209285308626	23.102859150429907
9	170.1465830097501	192.63361282930606
9	54.897047087603084	60.17173929510557
9	122.47226044608544	191.11716734533127
9	187.51208978196445	80.24003069308503
9	152.29068827525055	37.308266115823415
9	2.5615282050604264	80.48258482928668
9	19.030615459239584	113.38013522296609
9	1.9234535209223225	63.07588173181841
9	195.65984349161897	18.43016431961746
9	1.6250179123230737	189.3322643789952
9	57.36406718745275	43.19140919126116
9	198.77358223559753	141.71579502191622
9	153.11249944583727	159.7552290393803
9	152.69706582680857	136.25072745673816
9	136.2261818377575	110.80183103205275
9	127.53713400844839	7.6063017050763335
9	148.03812655489997	49.323511557687766
9	24.808553988858733	35.52409382903767
9	124.13342075488492	88.65828291492261
9	151.0969546795074	193.5345815525264
9	162.27180290116394	190.67568761665802
9	131.7986543428188	131.352967778812
9	66.97704904796825	41.5829237280943
9	19.389522271917997	0.6233591124629072
9	29.96846181651324	26.706850371135886
9	138.8035856721425	54.578374123033996
9	90.74278386571973	10.011188948396693
9	19.882888030074042	123.3822849826858
9	103.5793647373689	161.0379606404009
9	179.22325477899864	173.7170303420712
9	164.15986572426362	84.07362206180323
9	72.60258491631731	195.63922408460542
9	159.41119763041786	82.30058597512237
9	66.44422849778084	141.71589223848332
9	141.17437113632286	148.95168967958858
9	137.08190135446608	18.66447892742366
9	115.88888494744867	125.61452487865944
9	35.375461630698084	159.8276293730088
9	124.72357538554832	111.06561668354311
9	61.507713229451895	106.30320963278018
9	66.48546557732021	140.18740900235713
9	14.001889546681497	83.09778390865853
9	102.12368035777001	146.93173934351466
9	162.64852740652344	0.9459227786690576
9	20.964918269934486	0.6126792120019502
9	3.5763852149498234	150.84587647145202
9	32.522590482574344	30.931227658136066
9	86.96860959267718	147.50202106160202
9	169.11136452173707	185.41137286225273
9	55.73309581530745	189.66044147247436
9	88.82194641345387	129.8730472314693
9	4.075808423823133	113.48601002007138
9	57.909708396620886	67.34751394065961
9	169.7579544731546	36.52893937654275
9	194.9296106711942	154.26076652545083
9	176.94796890947384	105.64549959690959
9	14.30303317907726	60.738823626252554
9	143.22274689640278	165.80328653286512
9	139.36605818108	189.25461232384083
9	80.62580600488258	20.352160667418815
9	118.40641032971229	107.714667677041
9	90.23452907948717	151.71760268519574
9	3.3026124258934146	74.35328152071446
9	128.870907050291	111.18934954225642
9	54.01404008586627	119.19558228839259
9	75.59614026072404	139.0011975898534
9	105.53911981642938	67.13957853454497
9	132.69859710885015	129.27970672510145
9	3.6135820505112974	26.79861405840319
9	173.25824964981751	153.37362776749927
9	173.0262194501479	86.37565118962033
9	103.50419533976009	101.9289328992806
9	24.5150575475933	102.71867638187155
9	141.03235690787199	13.645133079341463
9	66.18822768694343	137.01751792512016
9	196.30542488641657	141.0801651078781
9	84.29439690508758	72.43881352546487
9	163.4450989370518	54.85948567236764
9	129.07036249511765	115.75764458278991
9	25.08289481893837	142.64486059436126
9	31.02484122541665	74.71332027788634
9	194.58438774454197	187.91693681460703
9	181.63976607649988	53.23949260254861
9	3.5069414339163814	163.93766082234634
9	13.783480888888846	48.810282441580284
9	138.70433649596708	105.17377493559184
9	83.10159027356508	112.79338978168147
9	142.57703953083757	96.03871986547404
9	186.2492067589451	127.12431586142475
9	116.28054863303089	118.89398213471492
9	36.27623518391468	67.79154465758586
9	81.96240861766466	19.42759262519104
9	181.0220004010249	161.71959070186915
9	131.64630230960734	32.01712523637684
9	15.825808501712572	180.64224710914021
9	29.501305439311892	119.07505687988345
9	83.3146796504065	27.75161024987395
9	139.7991870024046	75.58447800395561
9	52.023553731092164	3.7130740478499717
9	99.9172159937275	187.9723884716323
9	42.637102650498235	198.85901568843508
9	121.29610438285027	57.281245406353094
9	151.89336320292597	178.30201891944995
9	192.24383738243915	189.64556117653763
9	54.09610195990058	79.20452888634497
9	87.75450752921563	145.1746087195595
9	188.7858372737054	96.21571904820121
9	123.27533935402613	53.93340233080514
9	20.566368736888222	117.31948950670943
9	99.64168124201893	157.15357676263596
9	7.639630802866549	189.09217435845568
9	152.00271875251832	150.19815593666812
9	180.3971750690796	58.57495305406826
9	39.158095184079855	165.22496174292513
9	187.16107177622018	185.90396512546897
9	50.84432241544633	64.50386584317101
9	163.09041790857304	123.91115652762255
9	142.27776536879247	57.98291308892499
9	74.45114554392228	80.88292424771288
9	186.26118675978609	42.801542686639436
9	74.50799056387922	162.21290260821678
9	92.12848502608358	145.3056859635609
9	46.014858925716965	35.98639437371841
9	37.6824385867005	193.1922562832288
9	182.84855586871578	37.941701645708434
9	87.10271172725118	114.05201323103444
9	174.5269132700729	111.8097124081209
9	114.93302150609838	62.51122430242401
9	41.39079677309786	165.7483167916361
9	9.930194739169309	192.782717730768
9	117.84422216695918	160.7003251942121
9	141.76223234714536	167.225256973473
9	199.37911183377008	55.8014245776111
9	123.1861698842709	143.77333978649307
9	135.89973282148003	114.45812809427906
9	19.88495967084009	71.43529976539412
9	56.12268236759087	64.69105529037847
9	47.12237509832323	25.37474089844207
9	133.75133562555902	52.29131993407319
9	170.35473641544837	159.05257165245632
9	160.9727447541896	86.54892838004696
9	4.180012340264426	146.7596872910226
9	50.196763824623275	57.51820414046375
9	57.34827142870574	176.92366710064687
9	29.300817856044063	54.96156129570676
9	77.81201748884928	74.50066549866443
9	136.24217790258143	83.86434975099479
9	0.45548899437707746	132.30928332773595
9	3.3812551245681277	120.06186813753317
9	48.625558704455244	82.38081450840633
9	93.27832941973634	154.17369004224832
9	82.90659046928783	113.10091168991187
9	171.08964934239668	133.8788186611681
9	45.007070050458736	151.52721962594484
9	14.102215711945917	88.69722667155673
9	107.30326235446933	128.81020657801588
9	139.40861446030624	85.11321507576338
9	120.03513811807625	89.63114758845762
9	50.98980642368977	23.245845066305435
9	172.53131611641322	135.31495744667313
9	55.51877137248516	18.74795329485997
9	47.90927661131349	84.22983870748675
9	56.295383962601534	130.2721327566838
9	4.194677302855553	83.15020195624732
9	4.469472546275398	151.39161129051433
9	145.8915411706488	19.83477638680128
9	86.1415227348864	16.66522255535824
9	117.581108309814	176.9578403700139
9	59.92576346459293	193.99799307428793
9	117.34730833191333	0.6391516049363872
9	87.00577299540527	74.78513146810644
9	40.85277690615291	148.40200639640318
9	164.48584684466397	128.3514482003702
9	173.55332343637934	147.0122899610766
9	52.850232206492365	105.10208202455647
9	45.0531335793066	163.49855600969437
9	109.59525136758924	195.83522952368838
9	119.67399411185994	79.77887784520846
9	19.837197561614914	76.36744643137257
9	199.35070706945567	159.46964902144515
9	73.08765099367088	197.86559965595637
9	172.17266768757628	68.69616664283853
9	127.83718370499543	181.98044098820964
9	60.9329371670982	199.36022708494028
9	125.753932025876	9.05109283287905
9	86.15144081291322	9.3114417075561
9	123.99742757396126	7.495865909462424
9	85.52632562097995	138.7655248050673
9	96.98914466022819	2.4493859908096454
9	190.63380862052492	185.24684624770805
9	104.6806510302016	147.13525667525118
9	91.46826083813744	14.667906580039471
9	8.974050842088218	165.82524462728708
9	197.1391355341048	129.0097360328952
9	177.7101024407355	96.02945241059052
9	189.58805376371885	121.9476283724789
9	107.71284117249309	4.137228827347542
9	83.12536384430416	125.83232752451568
9	92.60673297704403	66.53124647033593
9	22.635889587373555	0.12994040859518918
9	193.5718484311003	153.02780328617274
9	32.11622514818697	34.94423684747923
9	17.27193519130421	98.65997075170071
9	138.45472238389328	6.602512859529327
9	194.55508467709996	36.31069020161189
9	33.05414623570036	123.32345209102903
9	187.92890335554466	118.10890483759317
9	197.91759836162515	135.25519319119087
9	185.19687071959964	74.46396770229143
9	66.80874050131666	155.9329788933299
9	90.79158049348473	39.19937033431884
9	38.453039273730866	125.53955566308395
9	12.760002599249987	112.4573128606612
9	141.40112184884248	164.1341093225355
9	187.54891264064673	180.05218141183963
9	124.0771801330265	129.5700689949232
9	8.971269736117364	115.14926852675677
9	59.58891091741833	104.939395496761
9	101.20137667582128	77.89973900252102
9	6.368492765543721	181.81862066441073
9	74.6391233342136	43.9539756174982
9	182.8590160945858	88.64329926210866
9	116.6347170653878	72.22067879822708
9	120.38841502394854	103.23245099591969
9	43.794292099292164	100.60639773504818
9	183.90271915400803	13.850266053140189
9	151.9630759949876	197.50106672694176
9	171.2815376742576	117.07437647321836
9	171.57885922956535	29.60183958371624
9	46.26734966688352	159.6646741027298
9	119.63706699029024	65.45810918960166
9	110.23195441099085	47.245042723665705
9	139.35914127124988	41.964237355827635
9	47.20142401953916	168.52339399272205
9	109.85131723682923	193.5832160884246
9	183.10854050399672	169.7180327028604
9	122.64482386112564	26.54094459263061
9	65.4710257382506	121.51853742234704
9	113.9087455157387	134.79074793826356
9	159.72214535661504	134.0399203241468
9	93.0028165292473	33.631727629948784
9	198.93325914871957	136.3781349988269
9	115.97479841971676	172.37832530635882
9	3.0584957812837956	0.7837023581607241
9	137.00649795500755	162.66885671045247
9	119.20943363666453	15.486920214080499
9	122.18747074654516	40.10852592974348
9	24.449424186932532	70.07533761526003
9	171.9974130303251	136.07110009081208
9	15.794023473562731	75.7042512014275
9	189.3467940321704	182.12724241256706
9	121.72028638186777	75.11731798508305
9	86.3965957419224	173.1948028345128
9	196.26991931305776	149.28170786331685
9	20.02529440633154	25.588013411214348
9	164.44948682030395	193.5049051115924
9	19.857857480105167	124.41991485904202
9	151.9399848265449	88.44276952690808
9	110.01344415168006	172.9676593713097
9	112.69473868211026	129.59006595405964
9	52.698448506347745	117.08717183966945
9	146.74753328497883	84.0802963120334
9	23.32436305643796	92.09530809399246
9	130.40875474370227	88.66938739559663
9	56.737158026885936	197.87457907463192
9	149.7643060919537	42.683022757694204
9	109.18492140309735	45.88908979249089
9	194.84503547559473	53.64540875119931
9	56.886690544029705	77.27998653013276
9	153.34918546220302	171.4257276673198
9	90.1407252192825	100.15941597129927
9	26.790246436446722	6.146203020035443
9	110.7709673905166	67.65580203752933
9	34.29543186419596	158.22089603477332
9	128.85813973830705	105.73361849406905
9	148.76177201819092	113.07741818758478
9	54.83707770668076	157.44265556424892
9	55.275040368756294	41.868527146221055
9	22.500238672601597	168.8337098087933
9	14.026074969997467	93.5767644464512
9	19.769809839014926	34.63106411200681
9	20.884548250225123	158.3605391932038
9	157.42430958762424	14.77607341269919
9	180.38976895827363	103.33608237412471
9	137.28231094856574	50.556298341099506
9	107.2555142607419	183.82640395030762
9	19.639557523755258	113.26259880260056
9	136.61974817128555	33.222381142973404
9	2.905556836419322	195.7547735627296
9	110.09668147727041	46.20107146472057
9	75.89427734097598	181.11823539937598
9	131.68324380606225	70.91201024548349
9	39.00119095519145	87.35747257804297
9	166.07832509737216	155.98410761061547
9	194.63027715040096	103.28681139265763
9	193.9282625147929	58.95782808949434
9	99.22478975279012	74.27432284843445
9	24.7564982656244	84.06242942824656
9	65.36280379345476	122.3625686440165
9	177.32237069392795	113.48410383450641
9	132.7736652169047	1.7830034625172857
9	30.860187008777245	21.984794468312515
9	34.839015772251486	160.92340060860107
9	63.65763348996046	11.110573564688451
9	194.65674589029095	159.65942542007235
9	82.76661619656994	176.393157990943
9	24.75125967434991	76.8044581520594
9	92.91574442180331	168.279898414422
9	37.79914437615321	101.90103872628566
9	188.98728625077428	46.99757139001605
9	37.32092308875369	38.261837012878885
9	160.50852443579748	83.59166056194164
9	24.462084257114327	117.93757269556727
9	38.75775292239959	161.61262091801973
9	46.13149119456975	114.75773026072898
9	110.38460825571792	147.07027640723203
9	52.64531352971375	161.22532346308793
9	0.3951087789276926	132.08658881979972
9	139.2661420517614	70.49188121925357
9	170.49929713160566	109.39671017124249
9	52.82571549726853	44.62658426345337
9	183.29253538603677	43.07224285154447
9	28.08100172026556	118.5861892030407
9	111.93253156369593	173.57224013445745
9	169.8658349778197	90.99882217114413
9	149.96746331348618	58.60668228889347
9	5.297567849455021	30.166243324129482
9	80.78529470971614	50.00698516827447
9	145.19337084748895	144.44955473031416
9	59.34717438832939	148.84364515048014
9	63.54063985772336	49.2139806857507
9	45.809167342007356	114.16315571014928
9	198.95695657749656	152.550511674262
9	16.31429997406886	37.19121855156703
9	22.21853553761676	3.553183830864839
9	51.51047839036167	194.3613690342034
9	87.09532203042124	142.68702522341658
9	53.08629440488977	85.29299448138323
9	67.12804260060989	96.35858762421316
9	108.57210062410189	195.86527932076984
9	173.44389571512983	14.45290823570798
9	84.98967999238556	30.15477352677277
9	63.77607467719923	85.88853310366005
9	123.30540012528701	176.44405462177264
9	91.94915708262033	84.33313191522433
9	58.84893510421921	137.07505233619298
9	164.31678537228817	101.48987825671941
9	132.39684997800407	112.731650432962
9	136.6128533355651	12.732845029082227
9	199.80594219028325	3.970067622236286
9	103.21216560699355	56.13253795625485
9	100.1964881848304	119.91248182703492
9	188.54270876004125	105.55223044070283
9	75.93513878692636	172.8933026505751
9	110.43149878213899	55.26143363420556
9	147.95157113992911	144.48338079699215
9	74.93814311561681	143.33514550620208
9	57.545801843589004	34.174951359449324
9	188.65064435075755	140.73255392601595
9	6.024573461269171	45.69989783049442
9	139.58451746803138	139.67265050615504
9	106.71106851932228	131.48779821457157
9	86.72986171543602	158.23011775960134
9	54.88262871207081	117.63368691976177
9	22.825893937679893	159.2486567123671
9	93.23221930297245	33.33872999328898
9	47.27460815600347	144.89787699248706
9	158.6228017427935	93.48392338888283
9	138.4775220258574	40.76326070982276
9	85.4041817889622	6.583068679551928
9	118.32589477993986	39.35720061839132
9	185.91180390150134	101.25326853356864
9	141.92597640302836	135.2445261975135
9	110.56759894865678	182.54329889643566
9	63.50965583497327	180.90942658969385
9	124.44145350111364	9.241526960356566
9	137.32061174149527	163.33385366583104
9	5.6418384215068045	93.6587300686661
9	106.90723968790309	12.767834237210138
9	191.5884300306131	159.62942908186017
9	138.64860953163407	191.46313509708682
9	117.41373061903573	96.02599374631279
9	116.59757895132554	84.22562988847318
9	105.61705701428974	12.493001952068823
9	52.046705925710285	165.15085536463096
9	84.2159363554996	129.62203481257228
9	43.03248581146795	125.16780220065158
9	5.147622988958517	59.33945386361597
9	169.17203970918922	115.68319078440072
9	4.82680891626228	61.01181629317989
9	33.73535421493773	11.111969095046618
9	199.10885616989418	88.16220368443072
9	8.488539481222318	152.79338370949114
9	93.08374996093772	151.0524470338371
9	155.7362042254315	33.214731156751185
9	136.89559113728393	139.63549191116022
9	91.09602400095451	189.37267558834287
9	10.53325313912029	166.1079991576359
9	172.08018957142053	30.649368623239553
9	181.28632521454176	107.25252275312653
9	56.63299430571175	138.64048818111172
9	33.207356463599325	162.01628259565206
9	193.9917477620652	34.211587720581434
9	47.64433370149342	194.65405440573113
9	3.7479167873379993	197.92014671825797
9	40.73768525882514	158.13886029240564
9	139.16577656145802	20.261363267179433
9	32.5235923607579	81.40373702800622
9	130.65480752923685	109.8591305962496
9	166.64070936814778	180.7705658417933
9	68.13941553703927	191.03325027749804
9	66.41282376051032	138.52978492429202
9	71.19006971431264	126.67533960459207
9	111.79865772744455	180.4121801414948
9	32.50982659751375	182.9549485396808
9	106.80064711703983	164.58042420695642
9	195.057493315386	24.216707426728448
9	24.78127800734339	11.136721086682485
9	147.62156304715916	66.78453954454602
9	66.9954144930229	46.25377299281328
9	9.288898779474238	160.80548891210543
9	173.27637414642288	19.03324092492045
9	129.5947021673856	189.44527571244538
9	191.54617996792285	180.1350513710987
9	3.938264192125814	51.11729022274028
9	1.4544571793672674	100.69898475628543
9	186.905879948623	163.86885164217767
9	197.57374938835824	162.92581424704173
9	22.759887529081567	117.45089291362365
9	41.89155832488768	132.93957193509186
9	77.2075168166815	90.08326211977203
9	89.0759285962435	116.11549087517693
9	134.81379666399152	46.47258247209743
9	159.39891148693232	176.861533908713
9	117.86748689577269	32.3096111104598
9	93.08469139664743	193.24243125054517
9	129.92067684599277	130.3142034377508
9	132.99275246256894	135.98200742071424
9	19.41989109913189	139.93930825279392
9	54.615971297562595	170.2719716590314
9	149.59105664137917	70.38399536377307
9	127.19918941519853	5.311246571948516
9	103.61880152467643	169.1824617451528
9	103.41439509902932	142.9494168587201
9	60.46448374079483	140.6421601073153
9	51.32158278863611	170.51354582799138
9	150.77926313811957	139.31964361554037
9	56.8210863011343	52.675845690470794
9	64.86644944154654	114.13966777317643
9	199.63485102967195	90.60014262396925
9	125.46465305772534	163.41579772534078
9	197.51121809007896	71.94607035731349
9	37.27195319698504	165.53558294033678
9	85.75943576827558	146.4198153257032
9	98.38326423304432	196.4857351087964
9	133.7657405044527	129.9445125110094
9	164.30564177925766	56.31253188788526
9	159.84696587220373	176.4297077513442
9	32.10771117435445	147.82478577987933
9	6.967564577644993	30.038733238691407
9	26.418597928477226	69.78750236872162
9	182.29263710781697	4.909943495554273
9	186.21059738177183	100.12741926551013
9	188.17542073002255	114.31522898335783
9	33.41517102958278	96.15760705371338
9	131.4428681545748	154.25861650970438
9	94.13614840502805	36.355911892829
9	6.684194055100164	131.6737024265782
9	70.30813254697307	137.48385050592805
9	87.75304996361155	153.82015895859973
9	89.02549124613228	62.367618775340475
9	4.480235883119036	3.229867455439006
9	71.39250914048574	26.251207731298308
9	2.203541003197131	7.077777889664986
9	50.590616872043796	187.3636864534484
9	86.21742118029755	59.19377765887606
9	112.0018914229484	53.62780269155988
9	33.865944710262596	130.89112830115812
9	181.40283921111097	153.4866802118076
9	140.36432947084063	4.473443549579059
9	72.96656672286389	44.51720902177763
9	157.87592922197422	138.85732289265025
9	15.00828189667746	174.19512438559502
9	29.772864640507095	22.424680706359823
9	197.38238693024095	74.87017798983254
9	156.469915633198	160.65903726133536
9	151.95801630135264	140.15772911944902
9	2.9751164583841216	156.77166677052963
9	13.884122798143181	143.63272270837433
9	162.29207310783306	176.53067063263023
9	48.070760179644	85.38071918114542
9	32.27569599840737	166.99082630619608
9	47.216025235543015	56.85329779745075
9	4.037152894913646	71.54000137117657
9	31.963107961319935	157.23562566590823
9	113.51534057018762	23.63022381869331
9	134.07595295588612	16.278319192273102
9	33.48159984313841	172.2568956567216
9	111.88243454567089	105.92470242096385
9	37.6858595867312	70.92084234703663
9	190.93580680218986	134.72617870147212
9	107.32706169933829	112.33204493989143
9	172.01773125146258	27.39254017592438
9	157.99877001245198	6.504936723778087
9	7.666792012493232	56.03455293255041
9	180.3146248909959	47.65284765394168
9	153.94264616194005	171.95889123511535
9	119.23561853528514	93.79909011023818
9	31.586534642834977	103.76545090944717
9	122.54250862041943	193.21579574676207
9	140.04079847847504	60.450307915851226
9	111.23879301273053	5.11696686255533
9	89.38203329505939	23.686844654421208
9	72.55170157227116	19.90834923347805
9	21.334632315672366	94.38427941246022
9	6.324631387848257	119.49809862000427
9	127.23273134434857	91.49054336150527
9	79.40462623617628	83.38649711747792
9	119.31643343760544	178.5505094423729
9	40.2761835441834	194.46249411676075
9	194.02161310615804	41.32532193325429
9	157.55528898207405	47.04359925989712
9	161.8463878621584	52.637570532873525
9	42.93430786969918	99.52928013808611
9	131.28478810551997	75.77577260985191
9	23.2659596079194	151.5441989172562
9	78.39168457107047	95.46909722076958
9	4.554070432487066	195.66938436740668
9	179.472435084967	109.1570848885317
9	40.53564784852833	78.38426794714792
9	75.6021118998899	91.65373210131207
9	176.4387921919306	70.9359510266247
9	165.28048276159757	44.964505719014454
9	147.85533512542713	124.19735334400912
9	159.29056013256326	58.827543346669415
9	149.9423319865162	129.5952940984614
9	183.58666374542406	17.839670775351465
9	71.58223210916589	102.54543971776741
9	168.91001345246514	155.53194538241866
9	156.12644650603687	15.55260634330159
9	193.6736303788648	171.13438211659064
9	198.2274504101548	60.777341030641026
9	138.94390795963204	165.67722859519904
9	188.12426697045612	142.2597614669573
9	124.22017110214296	191.06074263372903
9	59.56814887428311	112.0507377363869
9	150.17069041530277	35.89371319439135
9	192.44786198409633	73.99591526783774
9	77.3783479867862	58.40363651239119
9	115.7675988643436	130.56370899842273
9	70.70414205269026	158.52998503088077
9	35.596257993945954	14.527519054386403
9	197.15990678851364	168.9217551570191
9	115.8465404846375	81.35548573193165
9	178.82801007234542	13.999605754177168
9	127.41587729433445	93.89592204964686
9	91.25268382659624	45.266514689845735
9	111.36145668372268	185.13895791978877
9	40.598334540410406	3.6495901420019834
9	41.68915976850701	138.5705594014221
9	110.41062039184408	38.79082989516371
9	101.92807492538043	27.30010242763234
9	68.58339994143222	152.45353930331657
9	23.915770421839824	16.783814803255297
9	55.392092167657836	48.56861043601387
9	147.12913120045437	124.7261938554123
9	196.53212586457812	31.70208295151707
9	178.39880616721115	113.26933956723519
9	140.09110198333093	86.47767006947686
9	116.34482113614149	114.11686894127291
9	5.987271722408451	127.13523112236828
9	190.46241385420666	89.91706526105867
9	72.20838537387198	80.37050870463611
9	1.0249103880428265	53.149314030412285
9	126.59954412296918	99.08941222725548
9	199.32780892804607	88.25331973888876
9	146.8834806997603	59.130627926025056
9	85.83293456966715	36.13228768009657
9	178.3902299953084	4.3414103549225445
9	171.50685854208115	115.64095417550169
9	5.829836966404713	198.08995404911684
9	113.9388433379861	0.726184314012329
9	196.16688268678394	197.5152897403966
9	12.06679248698083	42.008421514298135
9	147.46082610506062	22.97673791106439
9	159.2093010985568	29.632375701552633
9	174.31694384740035	65.60097050922889
9	74.04510002809224	163.35439149124227
9	27.06166909403271	96.35896803034171
9	157.2814642029058	40.51499564539628
9	42.432972352683805	159.5766094065084
9	49.02860752022059	103.76476235874901
9	122.14815778445836	10.075756476913341
9	147.57194644502107	25.419698184066192
9	84.93539268725272	50.30632300993179
9	160.4984436996017	151.97086977293168
9	181.03115917518238	114.28145912187057
9	25.99568462504638	30.456474588866996
9	34.74948030447584	197.1714112706884
9	72.31537796850893	167.59687835343635
9	119.86079693792766	197.30545905716144
9	80.03126765714251	193.9512333329659
9	21.713932801431866	178.8124845369586
9	1.7655611014842236	72.50718940394091
9	69.96549070555494	27.05730433785098
9	11.671246965644286	171.84945730464693
9	64.62731860281559	144.6264634444824
9	126.43887177562948	32.17050055762343
9	96.89220118373896	2.4650866606512523
9	33.632401797637755	153.58483534785006
9	169.08413512553943	11.35821245647324
9	51.21926399327944	132.1108706811729
9	11.723772530417563	145.82947481611893
9	191.8245520175629	8.904549720339588
9	21.546705906964092	158.3503495574978
9	44.32833464067468	79.67003675605639
9	88.1637583579261	89.4965637230855
9	188.49909477179034	133.26890716255338
9	45.105176250729414	3.010943059495105
9	52.435837857178456	158.27755558201648
9	3.144207791129759	173.65306589097338
9	44.53917548384129	38.01245081324382
9	106.81667018669725	129.27187262030446
9	164.23198607244404	129.1779515347779
9	13.769139196062241	4.1060206049152725
9	1.375596229269206	10.835005045482461
9	10.549340897172954	168.83690326769027
9	113.30284098499715	49.521619322676145
9	43.49768439788875	82.10622807377831
9	32.625104143498874	0.02634919585005946
9	41.88224153949375	155.9496811698475
9	185.7867871068433	11.97785069266618
9	61.24599804685283	129.0058760364235
9	119.05169922193647	106.66162454785109
9	161.56193709334138	105.50937701258658
9	6.097722096329193	35.32828610970137
9	195.90639433885985	31.214946947943787
9	2.5833813962607053	30.002436804519306
9	169.4956791231292	128.0190829674413
9	68.05529389053339	95.33297773895629
9	1.530558609772811	125.94233029456217
9	123.70762390077999	153.79492699471268
9	22.06875898447734	53.44677394086608
9	157.61763097922363	171.89709925947653
9	2.2140746117582637	85.56787644846878
9	118.77023256314499	157.9270696440143
9	167.234281909351	46.213833209540184
9	89.76849754215294	49.291251858142346
9	129.64790751435055	51.969096863957674
9	103.32662866602436	86.47323143244068
9	36.34059259332639	43.86478826625773
9	173.4361758352265	134.3307871631078
9	43.04154634538193	141.30535857810423
9	49.71819430108954	196.31830060949096
9	127.51365622689059	4.613610362819202
9	38.34022391548598	36.593973308795654
9	132.9936713899396	196.8560736014462
9	58.775179992989536	65.97465664988596
9	99.86531602291547	124.67448008084398
9	90.1369048537432	191.16931929757118
9	139.50491048318776	171.61492298056032
9	198.1485554271698	2.206431799264152
9	108.81451532380748	173.3451137352746
9	77.98335279550241	134.8911337008223
9	96.60422065236969	148.67519846289457
9	24.543275924423966	88.80298540418352
9	157.7728162935711	127.81351441168863
9	180.30635735137975	191.08726999602584
9	83.79185173782173	198.80546713351646
9	110.97133887116388	189.98936396469264
9	50.87479624736346	16.505038378538416
9	26.7849897157609	6.261179388896352
9	117.36218678685407	146.86466799107853
9	95.19702455004318	184.11703936832237
9	9.335584905770673	185.29881327667425
9	79.68437885233982	85.94207417942295
9	147.5656001419443	195.29496959999653
9	179.12956896801717	159.801169118463
9	67.62397467865031	6.29073811416481
9	147.1091657645166	121.51814702184049
9	27.780983371881348	88.98468489572264
9	176.18145227589895	154.87089848840367
9	9.023644524457495	179.5810711396823
9	128.93605037763245	181.62049973096066
9	150.0635578117549	159.16881577116555
9	25.52433171537126	35.76047797336224
9	82.31269500125592	80.76157551996022
9	186.83120404618154	151.41895536648855
9	144.1760680770708	56.93919414928132
9	34.65585385208908	22.016528752239765
9	53.34747656887586	125.3932633408566
9	145.11304735646758	25.133289749831363
9	127.70981003020762	191.70972121786468
9	191.9988690778414	166.68861261336122
9	89.65563486902914	18.034694707021913
9	95.95034750204172	99.25286645879964
9	195.9442301203615	183.30691372234446
9	129.41835230838058	47.970700458345476
9	141.836374920872	44.718237495552415
9	78.28887490709269	163.98245573605158
9	177.35373739504712	109.95932351053335
9	24.4252870908345	159.99041933032362
9	51.654624698637804	3.952714073074702
9	66.55976021216793	107.2969691532112
9	102.78923551933372	52.838680595085265
9	159.92139046863144	150.56952005276088
9	22.888264810751735	94.70549245601819
9	185.55335403834601	46.368769333169126
9	44.32524714467996	175.60830641248617
9	0.8562920919357282	151.03576889649764
9	162.6746433984825	62.37361346324934
9	190.73122112079926	19.83819477723054
9	71.95965161560036	139.38390140242097
9	52.65516971608912	95.07098960404028
9	183.54537142839558	154.7701098324003
9	164.71067583602292	54.39207647778974
9	163.2720155235976	39.70154890011668
9	69.45864330586932	87.74293120628403
9	92.02622575390114	183.27090506031283
9	40.835831939061734	197.67726036995145
9	93.41039951328656	195.56348369712316
9	192.46940464105393	117.07205071408293
9	13.34354545184695	158.18454528812066
9	46.086933008707916	134.0671399169152
9	51.73833964772979	184.5311120279357
9	178.89227095832297	79.67406608235291
9	162.6839838254047	166.25195615523586
9	165.0915221264516	39.92451850071342
9	134.52130016328874	52.93423068360639
9	162.72135343755957	174.28101188360483
9	78.05809018997343	132.27709709508184
9	161.0406068224479	156.25135936515358
9	86.35165030010182	169.57210198999627
9	103.32329479654169	20.167102527668902
9	192.912195717702	86.66527199343761
9	60.30867586718517	72.32274958485368
9	97.93346921486659	65.19044222348731
9	85.72765502150338	119.6451462361419
9	164.55011985375018	41.83662632648145
9	77.98657680067652	144.46977870908052
9	122.39598063751657	151.17927554226713
9	4.0663776325247625	13.874068878337368
9	47.364950056292344	141.99973788699748
9	48.37700671654454	92.94236075967149
9	21.21057457002854	133.72423326200402
9	129.22295937738267	160.194590894878
9	160.3813914371304	112.77477249274301
9	65.75661824410338	196.16614955473318
9	118.6868800486734	144.26625080986503
9	192.0104705201045	152.96298757006656
9	29.612944653431214	153.1424961983808
9	40.28135296007815	15.701657927977578
9	102.61989678236671	19.34903141775223
9	133.99286283757772	84.3349507224251
9	86.49385228278021	96.64686502597215
9	101.61611204934371	115.93453496697236
9	36.46429139833427	150.66067722881564
9	111.67275044107544	144.79922483211783