7 1.499325 26.227162
7 11.808306 6.250090
7 29.710042 3.856007
7 15.318518 14.690233
7 5.950788 3.401660
7 0.675062 8.305413
7 30.406381 19.950100
7 20.827801 10.593498
7 6.131147 14.017314
7 18.830028 22.579211
7 8.763954 28.007620
7 23.098993 30.828413
7 14.366441 23.218080
7 3.808953 31.069877
7 9.168258 3.289485
6 11.247143 12.276531
5 0.238535 21.221143
7 27.810228 8.079297
6 18.485275 14.860617
7 14.830473 0.063667
7 4.177066 27.264652
7 7.246257 0.886249
6 22.550111 16.804999
7 26.666418 13.231297
5 12.352660 21.771649
6 29.493880 18.026407
7 16.113367 10.801393
7 11.892193 5.055871
6 15.904546 28.095669
7 28.871328 30.752813
6 23.559271 14.380547
7 12.577900 19.486068
7 32.045956 9.187764
7 20.208540 26.499624
6 0.456874 2.269855
7 32.478412 17.984194
5 8.785854 29.753732
6 15.174631 21.810442
7 22.055545 13.885965
7 13.835155 15.603025
5 19.736303 0.922157
7 8.731846 5.496746
5 25.327282 2.777737
5 27.726082 23.322633
6 29.271386 27.533058
7 5.158921 18.716816
6 11.607418 17.586572
6 9.150713 14.257194
7 21.926091 25.398242
6 4.974573 9.152473
5 12.024071 12.827054
6 1.598381 11.292471
5 5.826822 7.861335
7 2.462510 22.679926
7 22.441161 12.189565
5 15.269131 18.178082
5 27.526071 21.162496
6 26.233089 10.427656
6 18.247336 3.916034
5 16.342285 8.259915
7 1.527562 29.050758
7 16.188066 31.806070
7 27.951980 11.852108
5 5.516440 4.484438
7 6.276467 31.607985
5 29.796237 33.034122
7 22.300111 10.811111
5 17.655621 18.173998
6 3.175181 24.399485
6 22.793401 5.776069
6 28.459035 4.154639
6 23.065816 16.459101
5 11.074092 5.252579
7 10.828070 31.405096
6 29.559830 14.034631
5 31.758829 14.702053
5 16.464272 17.445598
5 32.763162 15.371832
4 8.572567 21.482914
5 1.495639 7.162986
5 6.165309 19.801301
5 9.727843 6.811653
6 5.511228 5.709799
5 29.898726 24.148465
6 28.636975 21.986636
6 17.208163 1.727208
4 3.774721 26.870694
5 25.162344 3.394146
4 6.887639 8.033900
5 13.292931 25.251177
4 9.298607 26.822526
5 20.718437 1.829377
4 2.626236 29.178491
5 28.703770 25.206524
4 23.347457 2.039513
4 28.692554 2.163460
4 1.666601 24.394225
4 18.895281 3.464835
6 27.647217 26.485846
7 8.703858 41.042948
7 7.751896 46.607737
7 2.981875 34.537791
7 14.320764 53.873900
7 6.076321 62.373100
7 15.789461 42.452337
7 32.757442 62.343073
7 29.212068 47.257164
7 30.115759 64.086939
7 10.653956 53.698907
7 29.145593 36.927429
7 0.660857 42.138895
7 2.306937 44.077141
7 30.305707 55.057239
7 7.080810 38.134327
7 15.631944 36.200777
7 7.983855 34.283800
7 25.292331 63.911134
7 21.443896 59.489812
7 28.633694 51.147872
7 32.180085 50.966691
7 17.205932 56.435790
6 3.798183 47.666360
7 23.669799 36.310559
7 27.702633 61.189109
7 25.221219 50.183046
6 5.945793 60.117212
6 29.791242 60.779319
6 21.347198 41.275810
6 16.851144 38.088557
7 1.352120 57.525785
7 7.473322 39.833225
7 23.561100 61.724925
7 21.791536 50.578833
7 9.222252 34.693369
6 8.007128 51.806089
6 5.922415 66.025172
7 25.758262 49.746523
6 24.393828 56.877029
7 2.184822 47.288557
6 5.312461 65.023405
7 13.570120 45.776247
6 22.991376 48.391497
5 14.859130 39.320126
7 28.319355 34.801029
5 3.624025 57.498130
6 22.943737 64.651968
7 31.649693 38.738017
7 21.294315 54.861112
6 18.624387 54.504758
5 1.100040 48.515258
6 32.940550 43.006964
6 7.914867 34.271085
6 1.515502 63.975171
7 22.511575 56.377960
6 7.648221 33.777148
6 0.082924 44.522360
6 12.615065 51.968931
5 20.495032 65.890487
6 24.819787 52.372473
6 17.632429 39.863003
5 4.490253 53.216328
6 30.378141 41.302497
6 19.029398 59.393717
6 0.283802 39.385907
5 4.621104 50.700352
7 13.550373 43.369668
5 13.088282 33.856771
5 26.591711 36.489987
7 10.205999 64.225976
5 31.684207 56.532573
5 3.835407 34.497199
6 25.818895 33.451867
6 22.070744 41.848687
5 3.662210 65.608336
5 30.079685 54.325765
5 3.367239 36.989829
5 4.383846 60.036367
7 3.496615 44.197366
5 19.180018 43.865314
5 0.782182 34.447210
6 25.451442 44.976981
5 15.216863 48.452744
7 16.157024 63.283509
6 14.893560 51.559850
5 15.216357 33.853097
5 7.956797 55.543622
5 14.791811 41.188985
6 10.247119 50.798495
5 5.264518 64.686410
5 31.492036 62.675096
6 17.417080 65.657609
5 21.265444 45.710240
5 12.326269 60.524342
4 9.731770 41.453011
7 22.582025 58.917219
6 16.054334 59.662883
4 1.000125 61.353587
5 32.105502 51.981432
4 7.585577 45.885623
5 14.087142 62.436637
5 1.558739 38.477328
4 18.689057 38.970061
6 20.507814 63.021042
7 10.205194 37.758945
5 2.517091 37.587484
4 21.646176 38.183685
5 8.659936 54.332239
4 25.356878 53.340715
7 2.299023 97.203125
7 11.535961 80.901804
7 17.226505 96.190261
7 24.464132 69.827036
7 26.772019 93.637942
7 29.853512 72.342411
7 32.416340 83.023772
7 29.075791 91.606229
7 18.470188 91.855267
7 12.547472 94.864947
7 17.083222 76.748771
7 4.535921 88.559315
7 23.943506 77.938403
7 22.665961 88.140361
7 18.189653 79.807822
6 6.899542 70.205292
7 23.627164 67.986719
7 30.147037 75.204095
5 0.687321 71.721508
7 11.981965 68.649058
7 0.856981 99.741482
7 4.200440 89.050358
5 5.322921 92.536547
5 13.441871 84.831186
7 27.471504 68.027084
7 10.935639 99.141197
7 18.149633 98.157687
6 27.512891 66.852249
7 32.570085 97.955251
7 21.453911 86.327842
7 14.326084 78.276868
6 29.982582 82.504352
7 29.946671 70.761771
6 6.393087 85.963886
5 1.804318 91.052875
6 4.599548 77.609424
5 2.074452 75.112056
7 13.073136 89.113205
7 15.901186 68.160272
6 14.211799 78.661643
6 3.808688 92.217872
6 20.159783 97.920020
7 27.890356 83.232093
7 21.387116 98.031048
6 25.166652 69.172780
5 15.771445 78.386476
5 10.739993 72.052338
6 21.771472 71.072393
6 13.092144 71.212390
6 4.828704 99.275305
7 16.056223 85.922603
5 22.782451 90.657855
7 21.206447 76.391281
5 27.591908 72.535281
6 26.784727 85.886489
5 3.728899 82.397159
5 0.334036 98.030165
4 9.456576 89.051728
5 20.022578 70.954156
5 26.700991 74.137691
5 16.585918 92.624468
7 30.229332 68.293619
6 9.926329 70.904677
6 31.245612 84.900017
4 32.921288 86.002952
5 25.117259 94.429090
6 3.327740 69.071451
5 23.751394 98.772762
6 6.344451 76.400608
7 23.176651 86.466925
6 28.522801 97.123506
7 3.691607 85.671933
7 2.189667 93.164384
5 19.220900 81.419183
6 1.055267 80.583802
5 11.979823 91.552477
5 13.608734 69.166729
4 3.960395 97.804774
5 2.028464 72.292359
4 2.975794 67.689995
4 23.094102 70.474006
4 31.922294 75.126029
4 7.336623 84.198305
7 7.734815 76.303323
5 1.498352 89.939150
7 7.824395 83.486801
6 21.200112 81.612145
5 4.597399 91.188265
4 16.195501 79.604894
4 4.368131 97.568008
6 18.365327 84.703516
7 10.409786 106.220861
7 3.519691 121.758190
7 24.764613 128.242078
7 28.761640 132.582595
7 23.058507 106.191252
7 13.921408 106.523752
7 22.677405 109.033570
7 9.520151 116.152698
7 30.030607 115.073650
7 20.347528 122.059271
6 20.289770 110.398718
7 16.628077 122.255936
5 18.360405 106.082164
7 17.174786 124.892235
7 3.436209 128.702983
7 29.284160 112.590788
7 28.282819 101.164052
7 27.349280 129.580510
7 6.943047 112.276413
5 19.761227 105.655711
7 23.851227 130.418463
7 19.609985 118.870636
7 20.803954 113.184427
6 12.714683 114.340258
7 14.061469 131.438613
5 32.258371 120.972093
5 6.919853 125.388886
5 32.621623 102.172083
5 28.016517 117.200719
7 20.746160 108.106050
5 17.207327 107.230178
6 0.352166 120.967386
5 33.076099 109.653371
7 6.526214 129.324133
5 24.318389 123.992750
6 8.057960 121.307282
5 19.225962 115.271232
7 24.346821 104.392850
7 6.162711 103.070009
7 2.165588 104.979032
6 24.216691 116.988502
6 12.729573 132.494857
6 8.064707 109.237999
7 16.721269 129.082019
7 30.725800 131.316490
7 1.521872 116.387271
5 6.139427 122.355823
6 9.416069 113.696502
6 1.657096 117.793571
6 12.868804 121.590491
7 11.486104 127.761827
6 15.569629 109.394731
5 14.228205 123.365936
6 20.764184 132.413803
7 32.415342 128.260851
5 19.498244 126.206926
7 25.122276 113.194598
6 22.833143 117.054477
6 30.359999 115.374965
5 11.791187 101.114010
5 25.462686 110.730199
5 33.117763 104.079502
5 3.233389 102.737279
5 26.324287 132.416986
5 27.757723 104.308831
5 11.261724 101.835307
6 14.061941 127.111691
7 28.325232 107.111826
6 22.461883 100.546653
5 14.251041 120.822087
7 8.500482 124.452416
5 2.708381 103.607613
5 9.662944 129.452687
6 16.147704 114.577193
5 10.344344 102.778568
5 21.053142 127.981898
5 29.046656 130.162315
6 32.593781 129.853266
7 24.537034 113.908694
7 25.085337 119.410537
4 24.533048 117.331070
6 12.030294 103.411923
4 15.120748 113.499552
5 31.706800 129.439680
5 12.456389 130.611300
6 3.859408 113.183802
5 6.359118 115.550457
4 16.462626 120.447537
4 8.935328 131.896093
4 17.894782 128.310997
5 18.549189 128.334702
7 12.079332 113.195552
7 24.931086 157.534076
7 29.428991 152.679264
7 14.844009 143.201018
7 5.646850 150.341224
7 25.673542 133.414811
7 7.446542 133.454873
7 12.809031 166.160290
7 31.102503 160.582763
7 10.064615 154.814122
6 1.589594 142.828838
6 20.425299 160.805076
7 19.171303 156.430084
5 10.977650 133.509903
7 12.234886 162.867230
7 5.169684 133.937741
6 22.520450 166.250010
7 6.605259 152.244310
6 5.067505 159.033641
6 12.790316 161.207348
7 31.173299 140.810459
7 2.682663 137.192550
5 7.496142 137.492038
7 24.353465 157.950404
6 10.707778 139.203004
5 6.991508 147.499709
5 6.496728 163.372496
6 18.679570 150.188626
5 17.340886 164.291399
5 4.948231 154.819417
7 24.678570 151.111190
7 2.797248 151.813152
5 8.109026 147.617721
5 19.636471 138.055395
5 21.422803 134.482264
6 28.014318 152.942702
7 9.171076 136.643675
5 23.878071 142.487263
7 0.946255 163.392297
6 2.499369 159.388111
6 12.764733 137.470255
5 31.009521 144.148397
6 13.223908 158.783110
6 29.264301 145.037645
6 19.462880 153.703507
5 5.174768 140.675797
6 29.517750 159.725523
5 21.695910 152.767245
7 21.795242 149.534036
7 6.206904 144.378549
7 28.889092 163.453154
6 16.115560 141.328498
5 12.377904 150.994042
5 15.264225 144.253022
5 6.684617 161.209790
7 14.527079 147.552655
6 14.627686 140.553631
5 27.952171 165.357173
6 28.563937 149.834029
6 24.019862 160.394922
5 15.688894 138.888921
6 4.649767 137.766315
5 25.776594 143.128258
6 1.465583 150.220302
6 26.338536 154.303200
6 2.333369 140.019606
5 4.419485 144.087018
7 25.118978 154.154866
6 8.400306 143.217071
5 7.476129 156.336271
6 5.141035 154.505649
7 0.158010 140.637810
7 0.221071 151.034737
4 3.592504 163.775015
5 21.245225 134.963450
5 13.373041 164.136714
4 22.779343 137.494624
5 33.194728 145.229045
6 17.406374 145.570814
6 25.292398 158.315620
4 11.383504 157.738127
4 12.623418 159.007462
6 29.878834 146.359730
6 16.436732 153.323200
6 19.066058 155.001300
6 26.994436 134.091692
5 23.562263 149.583172
5 2.453601 150.124432
6 6.652194 163.241197
5 12.731076 134.218368
6 3.514282 140.514056
4 9.813595 164.440172
4 15.133628 136.938607
5 0.167562 137.894293
7 0.133967 156.331700
5 4.700611 149.732789
4 23.708332 138.739374
4 24.284014 147.555846
5 20.127443 161.723101
7 25.642554 172.544526
7 8.136947 178.019953
7 12.490156 196.881320
7 30.044721 185.376684
7 23.009846 197.047272
7 16.118142 174.043048
7 23.768828 192.541616
7 30.987160 192.481608
7 10.114417 178.832935
7 15.176907 166.971963
7 7.580314 186.998588
7 12.662482 181.686098
7 30.356812 195.369244
7 2.124406 195.821020
7 20.411411 198.862529
7 21.449379 176.549702
6 27.227468 190.484343
7 6.641889 169.046778
7 9.228690 193.779831
7 23.699973 199.360007
6 12.459819 189.020119
5 14.477777 187.759070
5 29.692189 178.079645
7 4.878224 175.248320
7 2.317395 198.428686
7 16.485754 181.522434
6 1.453626 169.670487
7 8.386925 188.453408
5 15.257568 187.845190
7 15.231567 194.058395
5 20.403847 172.284682
6 5.026534 190.687876
7 10.181747 171.556255
7 21.078079 194.051916
5 16.142507 182.437300
6 8.647010 189.815885
5 20.633726 185.065849
6 27.145131 170.753032
6 14.621057 196.354140
7 18.337890 174.183027
6 9.172006 169.317088
5 4.764500 180.563083
6 15.144500 197.675417
6 4.877919 171.789621
7 16.676878 190.728564
6 8.160113 180.757356
5 26.746510 183.214601
5 2.661223 181.548360
5 32.298552 185.348664
6 10.051441 185.174812
6 21.163235 198.840022
5 23.430592 195.397237
7 19.208540 192.926672
6 12.422656 184.838873
7 26.326316 175.813524
6 26.376590 194.527614
7 25.407311 188.854348
7 29.198549 187.163374
6 8.266166 174.414597
5 7.134061 189.298575
6 18.856324 183.131346
5 27.822033 199.916637
5 33.283122 183.323156
5 10.139023 171.004419
5 20.139568 184.986454
5 20.164513 186.951971
4 9.392981 199.785356
6 17.792950 197.630981
4 32.619284 183.394844
5 24.814971 199.481130
4 8.047295 170.238154
5 24.661966 185.356544
5 6.001323 178.351368
6 30.764964 183.166429
4 0.467645 172.315358
6 13.369573 186.641247
5 21.994540 178.548950
5 1.807587 177.468600
5 1.160320 184.679084
5 3.052515 196.297420
4 4.890081 189.954378
4 22.528029 177.377610
6 23.001807 179.089895
5 1.570232 187.124108
4 11.807503 181.789988
5 18.843563 183.432370
5 30.392181 183.273588
6 20.371375 196.137176
4 20.886365 181.628082
4 13.628235 189.493015
4 27.171926 188.907800
4 3.000446 168.103592
7 38.847103 11.213850
7 55.645380 6.703435
7 62.845898 2.511020
7 61.044806 26.366094
7 51.392426 5.912785
7 36.530209 31.325621
7 53.285104 14.472468
7 66.141207 27.441633
7 63.729148 0.503681
6 46.086875 3.013731
7 55.431822 17.433274
7 57.854828 14.243357
7 35.002258 11.978827
7 34.199160 3.682024
7 52.138424 28.731565
6 41.001418 13.852346
6 55.667988 15.703074
7 48.947645 4.134169
6 52.364435 26.973395
6 54.328984 9.903441
7 37.295476 0.036785
5 41.352955 29.971179
7 38.343921 23.497888
7 57.990119 22.064886
7 55.458985 21.142001
6 40.380231 1.587425
5 60.265125 0.921762
7 63.322356 5.208331
7 57.807226 32.048348
6 41.361596 18.387181
5 37.692301 28.812672
6 66.040679 30.326938
6 56.910086 16.338099
5 62.378152 24.995998
5 64.562195 16.161739
5 36.730008 27.318839
6 59.001307 6.526531
6 37.888386 2.127267
5 63.516435 26.364677
5 44.218176 9.265478
6 36.729952 23.264534
6 49.665283 10.042982
6 60.023822 32.740008
6 66.245694 14.189548
6 40.703501 5.418226
5 57.043072 25.420665
7 40.020259 32.305583
5 33.494386 8.546112
7 36.299180 14.237856
5 36.155232 25.554780
6 48.805821 13.790907
5 40.354861 25.280222
5 65.561033 11.510687
6 39.258230 3.587189
6 54.596183 3.907190
6 66.421197 3.734390
7 59.994332 29.272727
7 64.910584 22.842957
6 39.260455 6.118800
5 40.731602 0.557041
5 50.775390 14.896977
5 33.391283 18.616516
5 41.946171 3.438849
6 63.141932 12.894848
7 62.882258 16.861537
5 34.537776 18.314134
7 49.126878 29.609222
7 33.486957 31.890325
5 39.512616 29.538053
7 66.178364 21.628102
7 63.590852 19.631044
7 51.865473 10.933816
7 53.361867 20.890840
7 40.032499 33.017897
5 46.044584 23.760703
4 66.420473 29.624085
6 37.182641 33.197470
7 61.904342 31.096014
5 60.417759 2.141861
6 63.257292 28.367334
5 60.367273 3.520258
6 54.808171 5.975248
4 54.941152 4.022392
4 40.298778 26.460762
5 55.475694 21.583054
5 49.631072 22.450982
7 36.036061 12.889997
5 62.159615 20.330377
4 64.802746 10.673369
4 37.372253 32.392103
4 46.615474 22.418729
5 52.531035 2.288346
4 65.389169 10.818345
5 65.566821 15.040978
5 60.366843 14.722707
4 62.204232 1.603613
7 37.068464 8.905949
7 56.695213 23.887823
6 39.847065 22.994475
4 65.803667 5.875890
7 38.948962 50.172318
7 50.167200 37.969285
7 54.685435 66.378920
7 44.106568 64.120567
7 35.565629 37.292860
7 62.264874 45.803273
7 37.042408 34.620616
7 64.372870 34.979163
7 35.557931 64.677574
7 63.373667 39.329112
7 49.857068 44.414909
7 65.076053 43.217053
7 42.096583 64.492440
7 53.639766 45.968587
7 58.935344 63.764426
7 35.273153 44.732013
7 46.901712 42.866346
7 46.577613 35.751879
7 36.994280 62.894804
7 61.046399 37.076528
7 39.171655 43.866306
5 38.028174 60.890482
7 65.252048 45.455939
7 34.528991 57.179011
7 61.072756 61.200419
7 55.783081 34.963295
7 50.978672 59.927594
7 39.315030 38.770755
7 53.620828 51.895853
7 33.716710 65.936929
6 48.825298 53.352078
6 46.349481 59.519913
6 43.930492 59.603940
6 59.111776 59.812904
7 61.942121 51.731786
6 37.089913 42.895944
7 57.075769 52.463306
5 57.072524 62.449643
7 52.508144 48.878580
6 54.599495 44.175295
5 42.076822 52.992777
6 49.153611 41.229287
6 60.525358 48.591183
7 65.205890 54.560379
6 65.343272 57.438234
6 41.521810 48.561502
7 57.184865 47.669910
5 56.584856 45.287435
5 58.062511 36.113885
6 40.168435 59.545082
7 33.807650 53.482579
7 46.168355 36.428768
7 55.258638 51.518315
6 55.108604 60.671477
5 60.926231 56.578956
5 63.157790 62.721535
5 34.775909 60.176749
7 51.395439 39.488063
7 51.807621 55.380333
5 58.643483 42.814254
7 42.318865 60.766396
5 40.126292 36.056641
5 64.997959 65.274755
7 66.012032 59.673709
5 61.581126 53.468664
5 60.167172 34.418202
7 62.907747 59.794609
6 40.934174 60.986971
5 63.401450 48.060204
6 39.493893 46.252246
7 48.646266 46.557583
5 49.420074 66.531459
5 61.184623 66.152783
5 35.854681 60.248455
6 55.069370 60.607607
5 55.448041 62.007596
6 51.361291 35.496100
7 45.011087 55.586420
5 62.267972 43.625617
6 60.795793 47.831150
6 61.825066 50.200801
7 46.310443 64.138694
7 39.654313 52.730008
5 64.665465 54.566663
6 35.488452 48.144330
5 52.393572 48.216998
7 47.429895 49.069439
5 62.004073 34.215643
5 55.800036 62.158705
5 52.828566 62.719850
5 59.671877 58.847790
5 39.074429 40.159964
5 44.865325 61.080529
5 36.005927 61.236497
5 57.001352 35.326935
6 65.288030 37.255801
5 41.814803 40.612399
7 58.940130 61.062105
5 49.371733 58.323156
6 57.418178 53.820831
5 47.032900 46.345086
4 35.069100 64.253653
4 41.591470 44.517423
7 53.706948 34.000234
4 47.453866 41.087134
4 66.242496 44.124656
4 51.423552 42.229992
6 43.648171 56.439633
6 47.114372 61.067394
5 56.457196 40.610045
7 54.885233 85.056668
7 65.383018 77.897233
7 55.628601 74.709318
7 37.787502 83.214922
7 65.084683 75.946877
7 40.161586 66.705671
7 34.982443 86.997702
7 55.594060 71.069317
7 57.368382 89.771483
7 45.422489 73.528937
7 36.757962 76.096110
7 64.319298 85.531886
7 57.643427 78.838822
7 49.707300 86.800276
6 47.441568 87.599063
6 45.894836 76.064293
7 59.061173 88.727392
6 34.259929 92.517876
6 59.843317 83.363655
5 42.045228 69.422709
5 58.311782 66.742947
7 43.592636 78.722947
6 62.903319 72.659980
6 37.254139 70.268787
7 63.202547 69.655237
7 59.290582 98.722955
7 59.212239 86.565125
6 47.133048 92.852474
6 46.140270 69.858942
6 54.918089 73.495456
5 57.846144 95.681178
5 44.539291 83.414550
7 37.160300 86.767352
7 45.746912 71.425558
5 41.852133 90.151022
7 40.210647 84.249743
7 50.722274 69.735425
6 36.734523 84.874822
7 60.778232 85.285693
6 43.144249 99.262597
6 45.004198 85.777130
7 49.376829 98.025463
5 65.387849 91.149678
7 34.287054 75.165410
6 52.508957 83.253589
5 44.494795 81.578822
6 34.970063 77.429335
7 52.697545 67.662253
5 57.109006 67.155485
6 33.531713 78.506918
5 57.493129 96.508627
5 48.672283 69.909955
5 42.270133 95.062920
7 60.113634 71.286674
6 44.803824 95.909175
5 51.489291 93.620098
5 48.971792 83.597393
6 66.077609 83.222178
6 35.890962 84.423730
6 39.134399 73.451084
5 51.955300 75.717010
5 62.057715 97.045249
5 50.193953 74.746793
5 60.183136 75.390775
7 59.845115 69.065326
6 62.266785 91.024274
5 61.278206 80.637368
5 63.579181 70.721628
6 34.870126 82.045049
5 34.732892 93.842485
6 59.158870 95.004193
5 57.030405 82.935856
7 40.115982 77.211013
5 58.467847 80.380402
5 46.919780 93.607603
5 40.537678 91.365484
4 37.400393 89.550730
5 41.186478 99.844671
4 47.844567 96.246432
5 58.959161 96.036048
4 39.842430 85.939905
5 60.510335 75.041751
5 52.231000 81.008402
5 50.562172 95.025070
4 52.085481 85.196006
7 40.763081 95.240773
6 65.786413 94.703196
5 35.882387 75.349205
4 34.405721 93.678083
5 34.906958 76.304374
4 59.560126 94.276280
4 34.300929 79.995028
4 38.749827 81.208215
5 51.195716 75.497629
4 44.151457 83.137934
6 53.183056 85.943126
7 55.559454 107.579981
7 43.339259 121.029038
7 34.398016 113.634423
7 36.948081 104.861341
7 64.930627 104.296771
7 44.331094 110.789304
7 60.368012 128.069374
7 47.786295 128.081415
7 59.259368 133.245168
6 42.152671 119.228455
7 51.522741 113.471497
5 33.492078 121.836925
5 51.248031 118.572088
7 52.976213 131.464805
7 60.286824 119.792020
7 58.673897 122.406086
7 60.809605 113.089984
7 49.180623 132.496605
5 64.636753 110.589082
6 62.287084 124.528109
7 35.575976 129.162398
7 41.309948 110.536997
7 58.454052 115.556536
5 63.368705 130.493073
7 40.285780 128.762057
7 60.728831 100.461574
6 41.557322 109.892688
7 55.667269 110.955015
5 48.365724 107.702943
6 63.639060 124.921303
7 40.196993 131.415061
6 42.026648 129.455624
7 36.782638 117.464208
5 39.074942 125.591730
6 44.832724 103.478852
7 65.544214 106.000990
6 35.207535 103.542409
6 53.155811 124.165792
7 53.518883 127.883105
6 49.574681 104.069993
6 56.424741 102.359222
5 55.748935 123.472847
5 54.459548 105.125895
7 40.588071 112.322762
6 42.669432 112.775499
5 53.044849 108.370935
6 45.668610 113.409739
6 34.027646 106.089397
6 47.449311 101.127241
6 66.381554 129.847861
5 57.253532 106.124773
6 63.862245 126.016690
5 64.679041 111.239997
6 45.936228 113.297641
6 43.342930 106.896158
6 49.105599 127.777762
6 38.074223 130.173775
7 50.604536 113.074822
6 58.923400 109.868647
6 41.392825 115.753658
5 47.700525 102.107891
5 55.316431 112.555757
6 35.953752 101.695777
5 58.194131 123.746294
6 45.646558 115.664121
5 47.060498 111.656297
5 60.907082 107.135420
5 62.290762 118.056516
5 43.985893 105.557581
6 42.623808 115.810075
5 43.300057 100.346540
6 52.838499 107.775833
7 36.332744 101.861116
5 59.004816 114.221361
5 39.024768 129.687132
5 61.604582 105.514664
5 64.915488 108.281791
7 44.173488 116.461103
5 62.780630 131.295089
5 34.289666 106.695433
4 59.472309 127.137347
5 55.030639 125.213524
6 47.976250 130.683195
6 54.349985 111.569682
7 55.939447 127.768851
7 35.688671 134.981603
7 57.200026 145.751261
7 39.258338 163.772215
7 45.073234 142.966844
7 42.240867 158.418459
7 51.916396 153.832016
7 50.440392 155.157210
7 51.947756 134.405775
7 65.910773 157.196148
7 60.641825 152.313396
7 43.174389 133.474265
7 44.637044 153.205404
7 63.892797 136.215814
7 59.772065 139.066945
7 40.795593 134.267033
7 65.011448 166.662900
7 61.427568 151.678091
7 38.941341 143.171204
5 48.458569 154.923082
5 64.375588 134.640379
5 39.395992 166.430358
5 33.691767 146.694579
6 53.160296 139.409789
6 44.710123 156.425999
6 63.847569 163.881335
5 38.242426 153.035151
7 41.754264 149.057154
6 36.984533 146.474638
5 60.601269 162.993288
5 34.203220 142.544055
5 38.821057 133.362037
6 47.385364 137.404046
5 38.619645 136.184488
5 36.682580 154.447955
6 37.924082 150.433072
5 59.362157 144.961102
7 59.143300 136.365760
7 40.673918 155.333038
7 60.498823 159.809863
5 61.583703 141.712375
7 51.314295 148.736541
5 66.142359 154.194587
6 48.022738 141.139045
6 37.327254 138.114704
5 39.120806 140.324188
6 42.364999 135.794641
5 55.022804 141.298088
7 62.460764 144.136918
5 51.819185 137.291889
5 54.826645 158.411547
5 63.523462 152.598377
5 43.650277 164.212142
5 36.064324 159.293636
6 34.837315 152.532623
5 55.953750 155.407702
5 60.573540 140.446514
6 56.804923 150.895034
7 50.816483 163.591092
5 43.812738 166.138997
6 53.214320 161.007933
5 47.458025 153.726487
5 64.744462 147.547606
5 65.476700 164.152640
6 57.011920 135.482916
6 40.218507 148.610147
4 50.985373 142.463143
5 63.678878 141.327760
5 43.626363 146.774620
5 63.693348 136.642440
7 45.678017 155.423007
7 48.883464 146.587481
6 42.807804 143.925628
5 64.743669 149.691307
5 64.257887 137.401513
4 60.017390 165.498788
5 43.738783 140.919775
5 45.812297 166.192667
7 64.298879 145.190956
4 63.417947 146.622018
5 64.481813 157.391696
4 52.540945 143.260668
5 49.499834 145.296669
4 56.604877 158.392950
5 48.070623 158.317269
5 46.763381 165.928930
4 49.032683 143.041173
5 48.010763 150.573169
5 56.907675 150.526902
4 37.497432 147.418720
5 66.649145 141.673228
5 59.550260 134.319704
4 36.722880 149.378405
6 33.665977 155.421951
7 47.911905 158.319695
4 44.752776 140.594113
4 50.456427 134.969085
6 61.491649 145.380253
7 47.381643 187.150790
7 58.368240 180.597418
7 40.833347 191.791727
7 43.665232 188.153832
7 38.310691 173.896328
7 42.886971 189.891202
7 45.936225 172.170562
7 62.941063 176.098775
7 53.672035 197.854565
7 53.082725 171.713305
7 33.360995 191.222708
7 60.329926 184.772042
7 37.929358 177.004266
7 62.200073 190.854508
5 57.123113 196.907045
7 49.814158 189.023972
7 51.937565 193.239415
6 63.511338 181.008731
7 54.921430 179.833438
6 59.888103 196.429083
6 48.357763 198.999210
7 50.451408 175.736512
6 40.187693 183.181537
7 53.749685 195.648164
7 45.029117 183.832668
7 49.489923 175.691012
7 55.562642 172.881810
5 65.218266 180.512710
7 59.189978 188.927812
5 51.770349 195.534193
7 47.126391 190.905557
7 59.215427 194.312510
7 48.322691 167.710683
6 59.351632 171.752293
7 66.329277 191.344033
5 45.309089 188.343761
6 60.052618 197.451035
6 48.510003 185.623217
6 65.007076 185.055096
7 40.052243 176.536219
6 37.426182 197.373248
5 55.320207 181.925873
5 36.302739 168.261324
6 44.877241 170.264420
7 62.115547 172.584972
6 35.887205 199.667585
7 40.582429 169.501217
7 43.121890 177.729284
6 36.717928 181.840931
5 33.783638 187.671436
6 55.524323 189.454849
6 60.427276 169.424087
5 36.480086 167.722269
5 35.641160 177.790280
5 54.125941 185.563622
7 60.267876 183.152957
5 46.437737 169.981167
5 60.729938 172.181993
5 52.172407 180.532453
6 44.526813 175.847775
5 49.340541 183.103786
5 38.959318 168.555904
5 55.733281 177.869453
6 34.750453 179.699287
5 49.400041 174.362838
5 57.979795 199.620634
5 66.025547 199.447307
5 52.149170 189.676355
6 44.585959 196.567856
5 50.749950 170.709091
5 64.928853 188.177729
5 33.509410 195.587477
5 33.759177 188.594110
5 63.269838 195.122800
7 39.589411 194.986927
5 44.430782 198.538313
5 56.254162 179.206468
5 40.220543 168.911995
5 58.988112 189.183358
5 58.989219 196.663541
5 43.898186 195.144580
5 58.353053 191.555390
4 63.847947 172.118162
4 45.146118 199.616996
5 45.782696 195.659854
5 64.963656 176.693956
6 41.373892 198.555153
5 45.913545 171.570492
5 34.639819 198.611160
5 38.195644 172.045125
6 52.184558 187.114847
6 46.583739 192.488996
6 58.077091 172.761839
5 35.887131 180.070488
4 61.508070 174.371491
5 55.910744 179.951028
5 56.224787 185.663481
5 35.454527 172.024495
6 62.999174 181.790737
7 99.041184 5.130475
7 82.131356 3.822487
7 88.709605 28.200944
7 77.325991 2.128316
7 84.329060 9.414523
7 76.244370 15.468610
7 86.127332 19.962301
7 85.678067 15.772971
7 86.715295 11.801733
7 75.989583 4.347254
7 88.613369 15.180905
7 98.616471 23.994352
7 73.413435 8.192100
7 74.297998 1.510987
7 96.140922 14.860936
6 67.295367 10.493778
7 89.566551 1.057978
7 70.493013 28.663924
5 80.565532 0.256211
7 76.247569 31.653874
7 67.533521 13.288045
7 84.708449 1.000506
7 81.353491 18.267504
7 70.451372 31.968763
7 73.988229 31.894868
7 84.958491 25.565605
6 78.149010 26.788257
7 70.078745 30.338953
5 73.001796 22.038584
7 79.054852 8.947148
7 67.982869 2.388868
7 81.449190 7.539544
6 79.088434 32.196302
7 93.285807 15.479080
7 85.839128 31.648678
7 79.439847 28.909488
7 73.611069 0.437778
6 87.610564 2.585256
7 85.981604 22.674864
7 92.045242 18.821621
5 75.127114 17.105119
7 71.801358 14.392615
6 86.487857 1.028677
6 73.563245 27.929388
7 98.453510 13.969481
5 80.366079 24.848632
7 74.154493 8.669052
5 76.421384 29.033583
5 74.967546 14.043046
6 88.491034 22.495473
6 98.732935 30.412809
5 96.228129 3.088477
7 87.419599 4.432688
6 78.379353 17.956465
5 73.959294 5.539051
6 95.183692 30.103175
6 94.440012 16.929235
5 96.623393 13.112954
5 91.007768 28.017532
5 91.069253 5.355160
6 69.835409 22.959117
6 72.934169 19.492841
5 90.194794 20.655556
6 94.588691 9.884008
5 99.800449 14.912244
6 76.682958 11.440260
5 95.427297 22.729206
5 82.668430 28.673830
6 77.628825 12.453685
7 76.522458 24.286876
5 95.980999 17.172717
5 71.737095 18.859185
7 84.185996 4.739491
5 93.153229 10.205524
5 70.432639 8.006257
5 76.107287 19.168516
5 73.927246 15.325086
6 69.025945 16.034336
5 66.939687 0.653052
5 95.593175 18.937013
7 88.422162 12.410921
5 98.791991 20.991380
5 93.073294 25.742422
4 77.148035 14.098640
5 97.095696 22.231955
4 77.910176 2.816593
5 90.193249 8.512850
4 86.957749 22.941980
6 72.530649 2.887181
6 74.170793 24.929090
4 76.353131 9.001156
7 98.145112 57.971988
7 75.838290 53.960749
7 84.500000 41.987245
7 95.913018 41.747027
7 84.768499 61.569842
7 72.226552 51.903114
7 97.559487 46.936987
7 77.968402 45.258488
7 87.006877 39.821577
7 73.603004 45.147685
7 79.868239 48.859297
6 98.057682 39.942741
7 93.360786 51.629154
7 76.902408 34.496769
7 93.808714 41.923657
7 69.869721 37.005280
7 84.120371 44.730569
7 76.520330 48.699826
6 77.636532 62.253634
7 80.433236 43.720547
7 96.047440 54.072395
6 85.619571 60.320467
5 96.129692 45.205704
7 88.440323 33.361695
6 96.518608 42.896362
5 73.606067 57.314009
5 69.367243 54.279573
5 81.039863 57.656902
5 68.538251 40.923224
5 97.007326 36.313217
5 70.915517 34.021466
6 67.111040 48.950794
6 77.478194 36.761898
5 67.830252 34.028559
5 80.456220 65.476888
7 71.988364 65.960449
5 70.380453 50.221035
5 71.793348 60.937261
7 87.536582 47.311418
6 76.138934 61.384652
5 98.891955 44.417879
6 89.627695 36.220231
6 94.631370 37.791098
6 81.483660 60.748672
5 94.038844 62.543072
5 77.690825 41.317581
6 88.368898 59.245014
5 80.988375 38.265091
6 74.810973 43.162699
5 78.846680 42.087701
7 96.399314 64.951093
7 92.760154 58.996626
6 94.036970 38.788620
6 82.446687 61.516049
6 70.426315 43.814079
5 99.562217 54.404759
5 78.723172 38.370485
7 91.878452 46.094194
7 96.183019 49.405344
5 73.974464 50.212116
7 88.136023 43.858443
5 75.332339 38.089667
7 68.911399 61.922316
6 79.002527 34.092084
6 83.805118 47.121358
5 79.162757 38.682953
6 84.911583 33.948244
5 81.009952 52.638050
4 69.147104 50.217840
6 86.998252 36.060513
5 99.199203 36.138184
6 72.717206 64.599263
7 70.684391 42.834142
5 79.153843 39.875845
4 99.520581 34.582297
7 70.456215 51.530608
4 81.621550 57.243079
6 72.009248 46.839920
4 84.850919 49.541584
4 79.541212 63.130664
5 72.966269 45.052124
4 94.048139 52.758163
6 96.861991 37.028927
5 92.504610 39.177113
5 91.279724 56.508888
5 74.492115 33.528905
4 79.622065 40.665400
7 85.134093 48.695200
4 68.491099 46.039885
4 96.569007 45.498039
4 91.891291 53.409942
5 92.522125 55.666602
5 81.323688 64.231240
5 78.100292 38.346341
7 86.096112 90.933423
7 79.049836 88.707530
7 74.178450 86.441980
7 80.531317 80.486888
7 78.537545 71.245726
7 90.735952 75.729686
7 98.898172 91.172883
7 76.809931 67.567262
7 67.207179 68.216701
7 76.316744 77.194598
7 97.153066 66.909730
7 72.624466 80.092074
7 90.958165 99.974415
7 70.111258 81.562768
7 81.345075 93.125519
6 91.933871 82.897738
7 86.554138 98.346068
7 92.113010 89.819375
6 93.782454 99.740493
6 99.955681 70.244668
7 95.180479 94.355089
7 69.068385 91.514049
7 91.274950 86.733427
7 79.165873 83.272934
6 94.631719 96.219451
6 93.745436 91.503355
7 85.069539 67.462664
6 76.712973 97.217197
7 70.689112 87.993091
6 92.891907 69.178782
7 80.260755 90.219453
7 76.039384 86.821212
7 91.222162 96.042839
7 71.644983 86.442428
6 99.602850 73.033134
7 83.888591 70.959194
7 78.688390 73.991281
7 70.644044 68.957029
7 77.388877 79.900020
5 69.528582 95.641762
6 90.537009 67.728177
6 83.795172 91.950983
6 94.173269 75.302662
5 70.412974 74.696298
6 81.406051 91.215694
6 97.807818 89.837314
7 70.400702 99.282841
7 90.530454 98.136897
6 91.108203 93.050086
5 80.219329 70.487325
6 94.037516 90.501114
6 79.189767 96.054578
5 76.507607 75.083085
5 77.108852 84.964200
5 87.084298 67.720775
5 96.845333 96.189881
5 86.110985 94.348644
5 68.645059 93.788719
6 73.675096 95.043010
5 70.551030 70.827376
7 83.759792 76.538354
5 84.072959 80.422212
6 86.948753 77.503015
6 97.889080 84.010373
7 80.077565 68.443781
5 93.126896 96.135534
6 69.815333 83.614323
6 75.979453 94.008453
5 77.448752 95.186342
4 85.187660 89.210296
6 99.721093 77.016108
4 67.839156 69.537474
6 88.809972 92.857359
5 89.803544 97.708405
6 80.288377 74.318084
4 80.475865 79.372926
4 71.433260 85.891982
5 74.240959 69.213393
5 82.284252 83.689207
5 76.318738 74.025174
6 97.180037 97.528981
5 94.321633 78.229039
5 73.891436 79.363463
4 75.623978 72.847764
4 81.520385 74.430925
4 69.283090 91.526870
6 73.586889 71.735004
6 77.736907 87.491404
4 67.135476 67.239917
5 70.935867 82.138001
4 76.171928 78.187535
4 83.998981 91.873814
5 74.097640 82.580674
4 93.142327 79.553692
5 74.824028 78.698313
7 89.300425 72.832105
5 96.272017 93.181604
7 84.933795 71.300520
4 99.172297 91.177446
7 94.705605 107.109207
7 92.319954 128.299595
7 67.837748 123.424553
7 68.659706 101.657408
7 84.315807 119.312659
6 84.069245 112.867935
7 80.629170 123.463108
7 94.151167 132.126308
7 83.000829 101.973988
7 71.391374 126.540707
7 72.130390 110.330272
7 67.599171 119.087865
7 87.804581 130.901256
7 75.587611 118.954770
7 91.590427 130.343454
7 96.066277 110.840734
6 69.913275 111.559147
7 94.192755 114.389742
6 89.371875 125.802320
5 71.815005 113.397038
7 71.872937 101.993715
7 82.469071 105.409016
7 93.655145 107.182683
7 99.516834 119.659033
6 94.725657 104.045527
5 88.117165 122.758609
5 96.927868 124.591809
6 98.910580 110.081643
7 81.794036 123.821912
6 79.663741 109.402117
6 85.078914 110.379202
6 88.737408 111.125154
6 86.154673 118.060252
5 93.478537 118.446991
7 90.056143 114.832454
6 78.945161 116.662721
5 83.879613 106.364506
5 83.011515 110.139028
6 76.242537 128.036898
6 97.389564 120.255722
7 95.639545 101.895987
5 86.532849 116.775961
6 97.297567 112.329763
5 97.159011 100.606720
7 90.499815 132.211730
6 92.756302 105.401961
6 94.419379 121.251632
5 93.132412 116.351948
5 96.544249 121.699262
5 74.208681 126.397642
5 99.540512 100.205652
6 94.025238 123.318073
6 95.210815 107.132275
6 76.413338 108.185808
7 69.491607 105.272540
6 85.073939 125.440020
6 87.012188 103.562855
7 74.860020 131.148939
5 88.675328 106.360615
5 76.027259 124.260743
5 96.930939 126.776891
7 97.325181 107.549958
6 69.717949 130.663748
5 73.102543 107.399898
5 78.288135 105.222870
4 79.471481 101.720038
5 99.454794 112.291582
4 71.706963 117.010239
5 79.292181 105.470159
4 72.562636 104.673391
5 84.939908 117.686552
5 71.222577 113.711194
6 97.572712 123.437107
6 74.631170 116.656013
5 93.035782 100.746042
7 87.729172 112.870072
7 97.601830 115.973604
5 77.410468 113.784208
7 72.854267 123.232238
5 73.053817 114.173648
5 80.340724 126.716740
4 97.595438 102.709971
4 67.967345 129.772932
6 73.426508 119.524366
5 93.561025 100.660440
5 89.705746 133.169956
6 81.903149 110.240424
5 70.878955 103.037170
5 68.122988 129.413284
5 90.365572 127.518956
7 69.199205 117.187155
5 85.334911 129.083323
7 80.538905 144.907507
7 95.599754 151.592113
7 86.833592 155.568099
7 76.713971 148.447115
7 80.148607 153.416195
6 70.708398 143.895484
7 83.360123 146.608251
6 85.338773 149.559551
7 67.001588 162.772910
7 91.385021 154.883068
6 77.493762 135.477322
7 92.550007 146.785527
7 89.970707 140.594383
7 92.835471 135.190251
7 98.630681 141.082541
7 93.171586 163.880865
6 75.124861 143.775092
6 72.484381 150.997248
7 94.664250 143.269386
6 78.674584 147.602592
6 81.695533 155.015749
6 67.480789 159.386676
6 74.663061 157.468018
6 71.046325 136.168709
7 85.707593 145.242605
6 77.625515 153.297501
5 69.234092 140.029794
7 69.105657 153.964924
6 67.257630 149.501724
7 82.546738 159.745623
6 94.268174 144.035399
5 81.891369 151.865587
7 69.174416 160.593810
5 96.967031 146.631257
7 72.758896 166.658294
5 78.157360 142.743502
6 71.220454 149.661651
6 87.991644 134.876466
5 98.042297 138.437869
6 74.801279 154.940828
7 83.026624 151.114306
5 88.138040 138.256411
6 83.938440 135.255827
7 98.341467 162.567807
5 92.281604 164.318189
5 85.890164 161.549477
5 71.455341 153.705446
5 77.475198 137.446901
5 98.651199 135.369605
7 87.006830 164.229285
6 70.369999 141.531406
6 71.796657 155.678893
5 78.681192 144.727557
5 87.710827 149.330031
6 74.600497 163.899224
5 82.851184 158.388364
5 76.423505 163.425436
6 71.856875 148.163750
6 86.444582 157.437165
4 94.861354 149.693389
5 97.472293 153.888439
5 95.867578 147.182339
6 96.815209 163.004240
5 75.967958 135.231823
5 97.577065 147.973277
6 68.932889 140.384982
4 93.266155 159.274341
7 87.174736 164.908441
4 69.705066 147.145924
6 88.525170 144.386959
5 91.600211 156.979527
4 86.224667 155.631983
5 84.834430 155.741280
5 93.343447 141.177854
4 97.554715 149.015838
5 75.899998 144.017215
4 89.106355 147.764977
6 70.420974 157.983606
5 86.033552 133.906637
5 78.101919 137.258330
4 75.502898 138.894982
7 92.859447 181.112768
7 86.863668 191.102261
7 95.463386 187.947185
7 82.275687 173.041881
7 71.731664 177.946787
7 86.396434 167.565852
7 88.165467 197.953816
7 96.275631 173.167302
7 94.432984 194.088001
6 79.591626 186.787663
7 77.449163 185.283351
7 95.960013 198.325629
7 78.196421 187.855176
7 85.611159 198.595217
7 67.616956 182.553389
7 85.541969 178.822935
7 75.377857 173.386874
7 97.213922 189.949596
7 88.418824 174.288970
5 96.621565 193.296651
7 70.846766 173.465762
7 70.619650 189.163039
6 73.263128 169.962889
6 83.667135 190.038429
7 77.441887 168.487903
7 89.418987 183.474822
5 79.765818 168.884293
6 69.304195 182.333573
7 73.473291 195.003748
6 79.643602 195.470131
6 86.959570 184.677743
5 79.346667 167.184149
7 97.470877 196.056049
7 77.817379 193.803866
5 86.534750 173.691590
5 90.080014 199.028277
6 75.523477 170.219894
5 95.426219 192.193571
6 95.607636 180.423718
6 74.141188 185.446774
7 95.927774 167.850299
6 80.494251 174.645970
6 97.498033 185.320846
5 72.429775 177.631904
6 72.055793 171.035618
7 72.538734 198.351714
6 88.538824 171.322527
5 71.440152 192.971291
5 71.842491 167.314025
7 69.163954 175.402335
7 70.204753 199.417315
7 80.910210 176.394262
5 73.701033 186.732495
5 84.629007 167.785900
6 67.601611 169.490339
6 78.367931 193.848817
5 81.541269 194.325777
5 91.773291 176.911395
5 86.166332 172.252688
6 67.930287 180.279573
6 76.488081 166.774127
5 88.769948 169.135937
5 91.265990 198.235415
6 84.010161 188.825036
6 99.974124 190.230101
5 66.872464 193.905683
5 73.803058 178.863956
6 83.965183 197.817188
5 74.612373 171.184507
5 76.980449 173.127435
5 86.623087 180.164918
6 80.124125 167.881284
5 86.278308 179.881870
5 92.738083 187.738463
7 84.008093 174.672124
7 90.987761 177.930902
5 70.399262 184.338255
5 72.474087 190.237623
4 69.223999 170.917496
5 71.972639 198.965987
4 76.203249 184.693218
6 72.647925 191.471858
4 90.773971 196.845787
4 87.751480 168.030795
4 78.679619 178.390648
4 68.304907 172.470654
4 83.932472 171.539359
4 95.525917 192.610313
4 98.699969 197.138719
4 86.577945 181.132219
4 81.323953 180.524398
4 81.289856 198.167916
4 78.000287 166.871337
5 94.063998 180.925024
7 122.571439 16.712061
7 105.347700 18.206292
7 116.449841 21.501521
7 132.698286 18.598755
7 131.937610 11.391109
7 103.042355 7.393345
7 115.240134 12.904731
7 129.705999 30.117282
7 105.089126 1.726384
7 132.842792 0.990963
7 118.965840 26.440026
7 123.988725 21.917914
7 108.126799 20.592857
6 101.466970 10.447052
6 117.450480 10.794567
6 131.260949 29.293557
7 110.518704 16.802041
5 116.653098 30.869674
7 125.554175 32.005867
6 113.716913 29.407258
7 100.558721 26.607117
5 112.907727 23.152469
7 100.281444 0.979300
7 127.442474 32.367301
6 121.117327 33.086610
6 132.387177 23.785564
5 114.706358 6.375073
7 112.508830 5.391727
6 105.900453 22.311852
6 103.175159 30.191594
7 102.187698 33.241951
7 108.533471 15.380774
7 116.441959 0.629811
7 120.867312 2.025212
7 124.297674 17.431013
5 121.284205 25.888305
7 108.315679 3.211978
6 102.576284 9.771926
6 107.943496 4.924840
7 108.431610 31.104650
6 111.616455 16.945265
5 126.429000 9.030051
6 127.556919 27.031944
5 115.939439 17.606107
7 127.648664 13.339533
7 110.654409 8.199724
5 113.317704 0.604334
6 127.614431 23.742835
6 128.500901 5.244148
7 128.389806 25.294500
6 111.196546 13.855693
6 113.324864 17.296497
5 101.561940 4.855040
5 102.538818 15.833812
6 111.596793 8.791764
5 112.703576 0.596436
7 128.081136 10.470454
5 108.216492 11.759970
7 109.040409 18.303804
6 123.087705 29.244931
6 102.571852 8.570377
6 115.172042 4.843468
6 101.806216 27.992968
5 107.828185 8.560908
5 122.857657 5.117421
6 105.030706 6.658315
6 103.908595 19.931901
5 133.027456 10.454995
7 114.035219 24.807789
5 113.723316 8.674605
6 103.625075 12.434579
5 130.434987 11.381623
6 104.388027 27.992113
5 116.801523 4.749756
6 101.595330 18.831803
5 125.356396 9.019660
7 123.557938 24.786857
5 104.368054 22.517606
5 100.299198 33.253901
4 110.350327 9.433334
5 124.552625 32.281465
6 128.985686 6.585176
6 111.921920 30.849703
5 130.571668 27.289994
6 101.644598 13.613149
6 114.827496 14.020457
4 123.476719 19.417668
4 120.168808 20.305515
5 118.616236 7.246528
4 100.434091 6.811737
5 121.892083 14.396247
5 124.385541 21.387072
5 113.537367 5.127044
4 111.954809 33.230886
6 121.867351 31.364409
7 115.527139 19.351146
7 113.557055 12.434879
5 120.517013 7.507475
5 121.345099 11.497006
4 129.442815 8.829098
6 101.744349 16.485112
4 106.492373 11.697721
5 115.740805 8.666995
5 100.752655 9.493114
4 128.986059 19.172078
5 123.861160 11.470804
4 120.550667 22.812384
4 101.862383 25.750333
4 109.803316 12.280662
4 118.303830 22.140012
7 104.537320 61.010175
7 114.129106 49.160525
7 100.147460 48.259244
7 108.025412 64.491972
7 127.770124 61.284976
7 121.232365 49.283859
6 126.594362 52.727119
7 116.898617 33.905097
7 128.659859 44.580330
7 120.057814 64.281822
7 132.987437 54.718080
7 101.874589 61.422994
7 111.783569 59.511445
6 104.388861 63.884737
7 110.699687 36.900664
7 124.936365 43.967013
7 124.760317 46.336446
7 128.702084 49.862011
7 122.955668 57.036222
6 123.269072 35.548407
7 108.841287 49.433521
7 121.717332 35.641330
7 130.552649 37.650677
7 116.627015 66.178503
6 103.284401 43.517292
7 130.750095 47.234185
7 101.232872 61.515673
7 112.784041 36.534072
7 106.218390 56.597473
6 123.342310 53.862539
7 120.684220 61.325492
7 100.433754 58.338280
6 111.568311 46.318461
7 103.903272 45.414589
7 129.738456 35.577290
5 132.304007 56.252318
5 113.448740 62.523070
6 100.534030 40.155986
7 107.877975 42.722630
7 130.986683 61.479516
6 120.931361 50.857857
7 118.001330 57.436265
7 115.711769 60.138269
5 105.082122 33.878657
6 111.302035 33.823803
5 101.317682 65.022741
5 121.871896 58.818497
7 124.814250 34.384983
5 119.558900 47.172948
5 114.728275 41.115638
7 113.261995 43.945171
5 131.462500 43.193332
7 108.521451 51.652783
5 109.166218 63.174731
5 132.984767 46.757986
6 107.925461 35.634892
6 123.995712 35.020560
5 103.417158 48.047339
5 104.533087 62.939033
5 107.599775 45.974429
6 117.963354 45.107741
6 127.585995 37.078001
5 116.136378 44.789103
5 119.566781 33.923593
6 131.480251 48.294978
5 110.006433 57.265694
4 122.470885 45.184697
6 104.240852 39.329690
7 105.569184 50.022929
6 124.098365 66.019734
7 126.812247 66.625379
5 127.175642 39.575801
7 114.042830 60.780115
5 121.779173 42.377238
5 105.410809 43.270339
5 100.263183 38.426077
5 128.256403 45.321657
5 128.682228 56.588965
7 106.397070 59.527772
6 121.927612 40.357321
6 113.809066 37.766205
5 133.008951 54.100834
5 109.693630 58.851136
6 114.043146 47.641794
6 131.553799 41.710146
7 113.471508 45.837450
5 104.091987 62.545906
4 109.173014 62.519910
5 102.251796 49.948495
4 101.333905 55.148281
5 109.143776 53.679291
4 129.435832 41.623781
6 108.164129 46.842880
5 114.179050 40.604831
5 119.707201 65.935009
7 128.405463 72.740207
7 124.895406 77.286537
7 105.338540 78.637570
7 102.237021 81.985270
7 119.630312 98.082327
7 124.567351 99.019126
7 127.619939 67.924061
6 123.450901 82.558792
7 109.315878 95.735570
7 131.033501 77.827010
7 113.298007 88.592466
7 116.448982 69.885276
7 106.223059 93.231385
7 103.070985 85.538355
7 130.208211 93.709012
6 105.207349 89.713906
7 116.864350 87.370121
7 104.290329 91.907579
7 108.697073 79.983964
7 111.492226 82.694915
5 129.475831 99.417636
6 130.662486 67.257991
7 106.509366 75.041480
7 123.174821 84.063673
7 117.864190 75.494441
7 128.585214 89.652396
7 114.434873 97.748526
6 126.437996 92.745134
7 132.468481 80.609619
7 106.434392 97.378015
6 100.003459 86.799211
6 122.253709 90.239934
7 128.609251 68.826466
6 127.901810 73.188497
7 118.497837 82.893134
7 122.543617 87.443823
6 111.594616 70.720794
5 131.089894 70.000884
7 122.437208 73.416767
7 111.500703 81.737375
6 119.516106 99.917130
5 120.526480 66.711179
6 104.294335 73.348882
5 101.422628 66.909041
7 117.500040 73.181338
5 132.900584 72.365996
5 122.551649 76.358015
5 117.512399 93.565379
6 132.584215 87.237356
5 120.687906 70.561566
7 129.416328 82.950548
7 100.311916 75.040925
7 113.463964 92.721850
5 119.322217 86.196646
5 101.490016 77.086646
7 109.258878 72.540143
5 126.565485 87.006071
7 116.087916 94.399842
5 122.310179 92.757140
6 107.933184 82.758880
7 122.510982 95.684948
5 101.095695 88.720774
7 130.724297 86.664185
5 106.903103 77.456856
6 125.367176 76.657033
7 100.668187 94.557606
7 127.256402 98.106686
7 107.524044 93.456510
5 101.301040 90.181280
5 107.600850 97.417534
5 110.294783 80.857268
5 111.356054 77.937382
7 127.413276 76.580251
5 111.574564 73.041368
5 109.740634 67.132357
7 101.406556 79.652579
5 100.445475 79.447734
6 115.801425 81.657098
5 110.783115 71.458721
6 103.919436 67.024270
5 119.855496 78.542096
5 102.366107 73.063713
6 109.508131 93.056056
6 118.275599 94.984455
5 129.678994 73.516933
6 105.659979 72.776589
4 131.008205 83.924690
4 118.397081 98.359100
7 110.726824 87.861144
7 113.226394 76.829041
5 127.167950 78.361423
4 123.465010 94.205691
5 105.709814 97.669008
4 112.727710 79.443832
6 113.399940 86.814745
5 129.408595 78.111079
4 126.086849 79.230880
4 125.957399 94.216604
5 131.556244 75.421135
5 120.341450 89.636046
5 131.417246 97.234069
4 109.109186 99.332902
4 116.297094 98.658144
4 110.493740 83.621918
4 114.992876 96.431231
4 101.285618 98.292395
4 111.306341 69.650134
5 127.446821 71.495596
6 132.845746 68.529730
4 125.393582 98.928203
4 108.094119 73.514502
7 116.332677 105.290269
7 116.641247 120.313269
7 128.025922 116.439745
7 117.439154 112.051636
7 111.523954 127.248090
7 128.798931 104.316179
7 107.580004 101.652151
7 132.946404 131.527784
7 130.960119 120.060039
7 116.849854 109.657196
7 115.779334 100.281267
7 104.830714 126.597177
7 116.545604 128.993577
7 114.117684 116.346106
7 101.685822 128.956689
7 103.401897 131.649263
7 114.318087 132.215095
7 112.832428 111.742412
7 101.494701 108.257787
7 125.019562 129.379650
7 122.488788 131.762593
7 117.730282 100.171117
7 104.489416 102.393196
6 130.865963 122.344215
7 107.862243 126.342872
6 113.105143 120.182350
7 120.613621 101.811971
7 129.946589 131.968247
6 110.581791 119.885709
7 133.325196 114.190444
6 120.500429 126.239969
6 101.700786 117.134505
7 121.655960 113.547589
7 124.770211 123.082377
7 101.005995 126.000249
6 130.526946 130.808447
7 116.619399 102.387480
7 119.450705 130.858760
7 127.641707 103.664389
6 109.837275 128.932497
6 115.683947 113.519115
7 119.988107 107.318283
5 119.460350 132.791831
5 104.781258 118.949884
7 113.846901 126.941488
6 120.510195 117.436553
7 118.908869 110.142277
5 129.573100 100.654139
5 128.759202 109.137840
7 132.314564 128.901053
6 121.519982 100.608009
5 114.117538 118.955357
6 104.768812 121.147043
7 116.530705 132.796003
5 124.294223 118.293366
5 124.328707 122.204045
7 127.580488 112.126104
6 113.630150 103.785825
6 127.856439 123.847287
7 100.988822 109.887116
6 123.831868 102.366595
5 108.930485 120.965214
6 115.289310 128.093129
6 122.501939 106.318391
5 123.135536 115.069252
5 105.319744 129.466583
5 102.814696 113.265500
5 112.548263 113.046166
5 108.815392 105.095209
7 109.037160 108.339361
6 101.411749 111.034358
6 121.766666 124.321617
7 131.720128 105.856058
5 125.045635 112.540936
7 130.077934 115.582297
5 132.103117 121.233727
6 132.601462 124.287264
5 105.553091 112.097253
7 102.136207 102.489162
7 114.260063 126.319619
5 122.666787 125.155127
5 125.895453 103.489783
6 129.447770 124.377435
5 108.511200 123.939608
6 129.230761 105.697746
5 101.410345 132.160004
6 115.549615 114.379510
5 125.963948 121.317176
4 106.411179 130.819357
5 111.936197 108.527756
7 109.790706 124.872824
5 110.833690 104.076215
5 116.617554 110.131950
6 123.993446 125.059492
7 109.085576 129.597035
6 110.444682 100.132383
4 104.397721 111.186780
5 101.035219 128.816472
5 113.080172 115.514866
5 112.738673 125.174908
4 110.194306 101.349576
5 109.533938 115.349998
5 114.356636 114.060562
6 127.591738 132.576354
4 129.375774 127.566005
5 115.655788 125.132678
6 122.580594 109.612161
5 132.424556 128.038462
4 112.759549 105.022561
4 117.739183 126.698624
6 108.739897 116.675344
7 122.864080 117.723917
7 101.841474 119.007356
5 111.602607 118.615099
5 118.301001 121.183519
6 122.089075 106.744875
4 117.942473 121.868793
4 132.541658 105.497158
7 125.631985 160.617925
7 106.185689 145.032297
7 120.788753 153.184630
7 107.348100 159.836011
7 130.991883 138.318589
7 131.203348 143.359405
7 103.387316 142.098819
7 107.023834 136.621147
7 103.844092 151.859260
7 112.192394 137.802620
7 109.690177 164.573702
7 118.209361 156.740233
7 126.266880 155.231671
7 108.315443 154.633995
7 121.187537 136.571240
7 122.210886 144.481733
7 122.470381 155.137576
7 129.463439 145.689287
6 121.947853 165.954527
7 123.168736 147.642750
7 100.438127 150.888415
7 103.713173 134.112702
7 128.242329 164.044210
6 114.144602 145.891496
7 105.168987 140.003790
7 112.872514 134.264926
7 119.175166 156.153893
5 110.327686 148.770543
6 112.568016 145.119107
6 120.443307 140.628534
7 110.892658 134.651051
6 122.561447 146.991248
6 101.716999 137.426349
5 116.055466 159.987260
6 104.389143 148.789235
7 111.480635 166.284229
5 103.892740 160.378107
7 120.943572 139.788197
5 110.863099 139.486916
6 112.494458 161.580493
6 125.453316 163.293158
6 123.392843 166.644252
5 131.674659 133.938407
7 101.459530 145.116281
6 125.225879 136.654466
6 110.973611 133.584292
6 125.285632 163.718606
5 130.433993 157.645394
6 131.230456 151.732324
7 131.346551 147.481212
6 120.407971 147.654937
5 105.958229 162.117467
7 112.617930 148.301684
5 118.497304 147.131462
7 111.008824 143.288460
5 128.946488 147.835991
5 102.779961 137.465763
5 111.702931 146.153245
5 116.882549 159.957713
6 123.201247 136.191450
7 128.374754 139.988025
5 124.390015 141.897826
6 107.285340 150.619020
5 105.020794 157.256208
6 116.369033 135.044193
5 125.882289 149.534787
7 116.662081 164.980283
6 100.080371 148.192395
5 126.095519 141.870800
6 123.860978 134.745791
6 113.001842 158.045103
6 114.898899 140.470111
7 127.079039 149.188469
6 111.391418 146.975854
6 109.304499 134.116755
6 107.952282 134.864159
7 126.426234 134.704646
5 129.807828 159.783531
7 103.323775 148.321941
6 124.337484 144.104792
5 115.034902 155.317554
4 122.341937 148.322892
5 103.564017 154.330312
7 110.216138 145.211571
4 116.966151 161.818553
6 121.809126 163.819389
6 108.661551 152.063585
4 121.832066 134.510541
5 101.069739 157.395167
5 127.001497 148.657422
5 112.501461 152.468191
5 109.154262 160.194466
4 128.126318 153.934141
5 108.681808 137.981115
5 124.143451 149.043375
4 115.623621 143.120594
7 108.334288 189.905947
7 108.179601 178.502248
7 117.047080 187.849566
7 102.529731 168.185332
7 106.949317 187.550481
7 127.190166 176.865162
7 100.470585 196.557169
7 105.362527 195.797950
7 119.940486 192.220741
7 128.941886 191.682197
7 124.723167 181.828274
7 126.967932 168.559647
7 120.851907 174.909477
7 115.795269 173.137828
7 132.515393 177.874309
6 111.679801 198.182857
7 103.525954 176.620271
7 118.412249 198.899211
7 117.994655 174.472379
7 103.610519 186.398111
6 102.403929 173.029785
7 123.220955 192.152814
7 109.849775 196.517607
7 132.323837 181.901823
7 122.843601 191.370832
7 118.140363 194.130032
7 111.448266 194.217225
7 121.978533 186.278482
7 114.681879 192.101778
7 102.111176 197.696729
7 109.516288 186.462115
5 111.803121 187.911613
6 104.069607 174.630316
7 127.497829 199.502330
5 102.108696 188.390731
7 131.247844 189.036323
7 128.658283 171.357035
5 116.867830 169.649373
7 114.745110 194.753039
5 128.632548 181.597651
6 126.354692 169.855085
7 106.202501 191.132731
7 107.709594 175.270232
7 128.478643 189.800885
7 127.531955 183.427670
7 133.112174 185.623514
6 121.893747 171.290472
5 110.070372 178.758969
7 110.883032 171.093935
7 120.356230 171.403695
7 114.733327 172.100093
5 117.097051 184.625288
6 120.937971 199.967780
5 110.940495 184.607925
7 101.886401 186.043139
6 119.630335 189.625775
6 104.166240 191.530177
5 123.094148 183.048608
5 131.079730 178.675941
7 105.239165 171.034912
6 110.099045 175.168924
6 113.043796 172.281824
7 101.723164 182.014398
5 121.204399 168.028752
5 101.004225 176.612570
5 110.192735 189.353322
7 106.083032 183.340708
7 122.577256 173.507624
5 129.864232 184.178434
5 115.048952 186.739093
7 123.936092 181.387707
5 117.152945 196.068526
7 121.415110 197.832579
6 131.169681 197.717317
5 108.878305 196.862957
5 117.924829 178.708351
5 126.782309 167.407360
4 129.224864 197.679938
6 125.619187 172.083867
5 125.166003 190.043915
5 118.034605 187.682857
7 114.188863 183.253281
5 126.180624 169.151138
4 131.985635 170.888394
6 108.583907 170.276253
5 125.346347 189.676085
4 120.172096 178.238439
5 127.266348 188.458945
7 119.526047 194.915104
5 132.641895 168.587131
4 119.434130 181.195090
5 130.002949 181.521904
4 102.263217 174.887960
4 125.589280 181.649752
4 104.546836 199.645650
5 118.264644 196.939977
5 131.282376 192.736548
5 102.365869 170.649692
4 109.664313 175.218724
4 129.502627 168.178670
7 134.528903 30.905998
7 150.629334 31.086814
7 153.787699 21.955892
7 142.732481 0.325772
7 156.351545 32.449247
7 159.844012 6.776907
7 163.399906 6.441016
5 151.493890 0.294118
7 135.577710 26.536723
7 153.498198 5.914840
6 139.012453 10.169686
7 143.815338 20.898668
7 149.505430 2.581463
7 147.924002 7.637984
7 165.257078 26.649519
7 146.081264 10.005746
7 138.289127 0.245850
6 140.087001 21.413024
6 146.171331 17.805168
7 139.011707 4.190698
7 136.181004 21.715260
7 144.045702 7.689226
6 143.648495 19.714998
7 143.973019 16.687092
6 149.109532 8.779867
7 155.958158 6.498332
7 147.650548 4.332131
6 138.789643 18.688722
5 136.538835 3.086997
7 147.256783 25.278901
7 159.354213 22.456420
5 147.494157 19.341716
6 143.482922 9.566411
7 151.542420 25.548781
7 164.164656 23.582576
6 136.316280 31.067443
6 163.328559 2.503597
5 134.990498 10.683509
6 153.022907 27.047364
7 139.866480 29.454560
7 149.361950 19.215665
5 156.044617 13.258646
5 138.390180 32.274867
6 166.126733 1.401218
7 144.088308 2.177638
7 156.014445 22.151107
7 164.188546 29.555409
5 164.610701 11.250950
7 141.083429 6.679747
6 158.055579 12.935298
7 162.090620 1.188051
5 134.688765 9.118349
6 145.878264 7.475584
7 166.449488 6.282489
6 150.724516 18.587626
5 140.841569 2.690643
5 136.972967 25.318568
6 144.060242 23.904575
7 140.714454 4.296256
5 140.110398 13.444137
5 140.137284 27.639386
7 156.943644 14.959753
7 142.594961 4.510645
5 158.183712 2.699946
5 165.774518 6.642515
4 138.858817 9.474323
7 138.225531 8.384971
5 149.936390 12.510654
6 155.082300 17.590183
5 164.544799 11.303974
4 162.954289 25.051656
6 134.853623 3.646330
5 143.776459 32.329902
6 165.419921 32.740233
4 164.429684 27.926264
6 135.815352 25.135505
5 157.834854 0.100862
4 138.871238 24.634088
4 166.354650 5.965897
5 162.379504 0.935778
4 158.312924 12.409513
4 155.590726 4.011996
5 153.941198 27.473762
4 166.555515 26.758710
4 163.257582 7.993394
5 146.555232 9.337071
6 134.861704 18.652277
4 134.251836 20.477776
4 151.672039 4.873926
5 158.532737 7.407478
4 164.027532 5.344225
5 143.040320 16.059520
4 137.388370 6.409797
6 136.430732 13.581299
4 164.618034 5.184827
5 141.928280 0.811712
5 165.377924 23.649180
4 154.338030 13.011662
4 158.756550 3.784788
4 160.393377 28.222858
5 151.470850 27.769378
5 134.530488 12.565753
4 150.502408 25.835014
7 151.672048 60.184256
7 138.866811 56.176594
7 157.101875 54.739128
7 160.935695 57.246142
7 164.786514 36.366362
7 157.753416 38.170800
7 147.494215 55.174195
7 146.840165 63.890617
7 148.727539 39.588834
7 148.038957 46.360956
7 151.559417 52.475130
6 163.142757 55.137091
7 151.248532 66.478084
7 156.155053 41.833031
7 165.309393 45.719836
6 148.607641 43.148693
7 147.853707 35.627302
6 147.610249 59.297356
6 161.409507 52.835606
6 141.436832 57.592836
7 145.545451 44.689790
7 162.358149 47.915763
7 166.494534 60.306410
6 158.731769 49.073065
7 151.536838 44.555180
6 139.442421 41.739485
6 142.079743 62.902976
7 133.609930 63.703555
6 152.124838 65.178874
5 165.275252 62.106886
7 161.461524 35.920094
6 151.493530 40.961932
6 152.303898 59.351745
5 154.895372 43.925963
7 143.815256 52.310586
6 153.293794 35.910682
5 153.071500 42.832040
7 148.182455 51.404183
5 140.654345 65.075124
6 141.810328 36.123993
7 147.507710 66.287407
7 162.262400 65.160169
7 134.018599 37.942633
5 144.695054 38.098773
5 153.710327 40.358250
5 141.830256 47.607919
5 145.341055 37.899422
7 140.093918 58.203330
5 142.655532 66.120760
5 136.396648 63.992390
5 138.188213 39.407864
7 135.898064 58.272334
6 161.816934 50.632468
6 146.243904 64.099052
7 134.508168 33.449556
7 148.865604 35.992926
5 153.396282 49.899614
5 164.923316 42.367438
6 164.768027 50.467097
6 162.410505 61.463306
6 134.377900 65.595393
5 163.484875 49.914667
5 166.392250 39.781902
5 150.748357 42.468565
6 145.874645 47.539057
5 140.602887 51.803583
5 156.817135 51.328827
5 164.168504 37.658946
6 158.109223 34.279977
5 146.817263 39.125060
7 141.433342 37.884456
5 159.842479 62.597873
6 164.298679 47.722881
6 165.962498 39.604561
5 149.684390 35.567247
5 165.716036 49.285745
4 163.052976 37.748080
5 143.699977 58.504164
5 157.243151 39.445631
5 164.214570 41.969713
5 158.417623 43.220700
5 135.429974 38.679627
5 154.396454 55.113332
5 153.309754 65.652959
6 163.162403 62.346756
6 149.184612 39.119257
7 143.269128 55.787349
4 165.735196 48.322993
4 137.667073 40.480573
5 156.653929 64.333654
6 149.224716 56.586300
5 154.336404 46.364194
5 145.432493 65.631225
5 134.452496 35.876796
4 149.824641 56.908853
6 158.822953 34.544942
4 142.850976 52.917440
7 157.037254 60.715022
4 146.077181 56.157536
4 156.802761 48.114277
5 164.915634 61.064038
5 135.999232 34.895682
4 149.249052 50.373579
4 154.596639 47.166802
5 160.940115 33.508095
6 135.829685 39.343580
7 154.868567 79.262415
7 158.145732 66.740762
7 144.814172 70.520922
7 142.093547 94.114305
7 152.870756 68.222727
7 136.829727 97.290367
7 154.532819 98.570359
7 142.186512 81.190523
7 135.658746 86.800159
7 134.430718 99.245072
7 140.356274 73.424835
7 161.423159 91.743656
6 137.125389 79.674257
7 162.859387 71.124360
7 144.336343 95.448176
7 135.666753 76.574317
6 136.952712 72.765134
6 153.110026 83.679771
7 147.558523 95.159756
7 164.243498 85.228471
7 144.798074 68.060123
6 151.016073 76.016334
7 158.836968 79.461293
6 147.080707 97.327743
5 138.456752 68.090062
7 159.573223 75.208534
7 158.908479 78.392031
5 155.421401 89.769237
7 156.832477 99.145441
6 148.619736 72.104144
6 136.383562 71.559586
5 136.113776 74.245725
7 133.967085 67.529305
7 149.405007 68.888045
7 145.418769 73.224849
6 149.973921 98.026820
6 148.898419 89.379089
6 155.522861 68.682838
7 162.047382 96.733408
5 156.045011 86.543692
7 154.513915 92.255175
6 147.297597 80.806753
7 156.607102 72.168097
5 152.070323 73.451768
5 147.675611 99.150083
5 144.220483 77.271344
5 142.731887 87.003886
5 146.240116 88.985733
5 133.336771 91.341509
6 154.904235 81.620773
5 135.556229 88.452823
5 136.538239 84.332834
6 137.340887 90.994986
5 161.636189 94.218985
5 157.804961 96.863772
7 165.534929 93.930083
5 154.085060 69.418603
6 165.444089 72.319867
5 138.330676 70.716119
5 143.733214 67.762894
5 147.131464 69.222304
6 165.722095 78.040783
7 136.292359 93.945690
5 161.668084 77.957501
5 143.565853 88.861614
4 140.922469 94.576460
5 162.113474 92.181118
5 162.235613 82.607822
6 154.693945 67.918277
7 138.551853 72.872816
4 160.844934 74.675734
6 136.869540 68.136409
4 154.786863 74.012149
5 157.973848 81.325823
5 139.529358 75.635715
5 137.007385 97.604514
5 140.999167 71.810995
4 161.188767 87.869819
5 152.672107 96.402532
6 156.800416 87.012740
4 142.161533 88.838478
5 161.274591 83.437719
7 142.296305 131.011672
7 147.364979 114.093629
7 152.685627 106.684164
7 144.979671 132.016628
7 134.521567 101.859447
7 155.523770 128.356045
7 150.258331 120.150400
7 159.082115 131.656360
6 163.778675 128.515564
7 150.069674 105.261741
7 145.739918 125.709556
7 136.341008 104.455753
7 140.310162 126.487848
7 159.506069 114.601703
7 136.902951 114.871733
7 165.478083 104.283418
7 162.346150 108.535444
5 145.705094 129.421560
7 149.546495 117.841788
7 165.588440 121.152679
7 140.482528 130.852889
7 163.626881 107.173641
7 165.978709 116.987482
7 157.429455 107.988916
6 163.025057 102.007967
7 159.560692 128.048560
7 150.056825 123.498596
7 163.986420 115.758089
7 136.943557 130.015300
7 139.350514 109.688183
6 150.354114 109.482443
5 146.170109 107.033188
7 141.586368 114.395455
7 154.136346 129.753835
5 162.571145 126.406769
6 163.286602 113.038379
7 134.101817 109.348425
6 157.736680 131.244869
5 143.331119 117.464232
6 159.700644 104.525102
5 147.616564 107.231394
6 165.163307 107.715707
7 139.266958 120.951299
5 151.802009 112.935302
6 145.187689 114.217555
5 147.552840 131.946942
5 152.132688 116.837500
5 138.834407 106.717708
5 165.256491 131.320912
7 145.170368 119.477623
7 154.750328 132.377240
6 134.844257 118.290635
6 133.845382 111.677228
6 153.564720 118.459681
5 149.875106 114.154116
5 163.488315 120.840492
5 150.113426 133.153122
6 133.615237 127.220416
5 157.355143 105.572827
6 159.583899 107.303521
6 138.653844 131.163244
5 148.953179 125.814750
5 137.258207 105.446505
7 159.270422 125.556103
5 151.934783 131.771113
7 137.980368 118.520757
5 154.996165 101.252993
5 137.978880 112.375853
5 155.123213 105.525773
5 143.257657 126.809379
5 138.798761 121.962938
5 157.326470 119.478951
6 160.474453 121.396390
7 159.165758 100.449039
5 141.818197 110.514517
5 139.949808 103.682437
5 156.310380 106.366051
4 148.903279 107.287543
5 166.504427 103.539561
4 152.054789 117.284577
6 141.936136 128.923387
5 166.305648 116.138122
4 138.687444 105.630705
6 151.644916 108.109800
5 163.827438 113.861973
7 159.870851 102.617428
5 162.582438 117.328790
6 160.859371 111.034731
5 141.259290 103.101785
4 155.914692 117.996243
4 146.490469 125.517990
4 144.760352 131.269299
6 148.127297 101.165500
7 136.455733 143.512655
7 155.076560 151.702334
7 146.073331 143.368213
7 153.313354 162.770167
7 134.336773 136.998359
7 155.115679 159.366157
7 141.837835 153.576586
7 138.334402 158.578152
7 151.659767 142.715457
7 144.060232 135.224895
7 156.953169 149.549469
7 161.428874 156.800012
7 143.166110 149.148124
7 149.317738 141.244907
7 136.468146 134.849322
5 165.269210 142.093622
6 152.751684 148.061411
6 157.613459 157.311074
7 141.468021 164.223260
7 161.126962 138.437244
5 163.583604 148.738465
7 164.447293 160.036607
7 142.781701 141.441741
7 154.668474 143.786506
7 135.787955 158.984610
7 157.470609 136.932755
7 141.265955 145.123935
7 140.853364 138.722542
6 143.201078 133.633804
5 158.701144 165.218551
6 134.125904 153.696485
7 151.840012 142.333241
5 159.741213 150.585316
6 160.974327 153.221738
5 158.224175 151.139269
6 163.218268 136.888191
5 147.440012 152.997215
7 166.028207 146.952860
5 151.677655 140.136185
5 161.989595 133.847456
7 133.748998 149.170103
6 137.682354 161.144125
5 157.191647 156.184868
5 142.614748 146.323919
6 138.521719 148.707777
5 156.453931 154.357687
6 149.898127 143.644840
6 148.408086 160.914188
5 150.611982 149.054969
5 140.390368 154.608316
5 142.213370 160.147894
5 148.343778 146.885499
6 156.266589 138.416870
7 134.357301 141.095495
5 147.746823 165.979020
5 163.627407 134.671119
5 163.418441 163.677158
5 164.581109 142.686162
6 162.090832 163.575600
7 155.547882 142.671028
5 146.028620 134.681369
6 160.901172 159.992347
5 163.358212 161.362121
5 158.673834 147.553571
5 151.058848 158.843176
5 140.272206 153.918909
7 136.431080 166.508454
5 142.618066 147.684818
5 145.856357 136.993055
5 163.582958 141.499068
5 164.097638 150.400896
5 157.779321 137.109470
4 160.562960 151.193806
5 140.182302 143.882760
6 164.565255 147.793261
6 150.347602 135.307544
4 158.355814 143.125894
5 134.520811 166.180808
5 136.297904 135.299855
5 156.071913 146.453452
7 143.664678 194.108344
7 161.130176 184.448674
7 140.818186 189.500614
7 143.726286 173.518286
7 157.035682 172.786938
7 141.657283 168.720650
7 134.447691 173.625965
7 154.001249 199.907293
7 138.846303 168.601916
7 163.657674 186.798854
7 150.246101 181.139402
7 146.544089 198.684803
6 166.539640 199.288879
7 164.641257 191.803107
7 155.860392 187.980871
7 134.359834 175.344321
7 157.470753 198.075326
7 166.143859 176.807508
7 160.906147 177.309325
7 166.576842 180.327626
7 162.166079 194.492436
5 137.832167 192.193732
7 147.803846 188.836077
7 149.271163 174.723326
6 166.436773 185.846494
6 160.308905 195.437121
6 134.714728 170.981984
6 154.355069 177.193655
7 158.919270 192.979017
7 155.150665 168.923558
7 152.182578 187.181354
6 135.215412 167.900028
7 160.572829 172.057611
5 136.948187 184.684117
6 137.129870 177.737539
7 136.600377 187.946512
7 139.791847 177.587340
6 150.301883 186.784155
5 134.235447 193.634724
7 160.332887 190.545785
7 134.531477 196.321536
7 153.713781 196.274856
6 156.040841 198.023006
6 151.537463 196.689360
5 153.168171 183.083990
5 165.506187 199.119947
7 155.291321 192.849298
5 156.585917 177.832851
5 143.641237 171.159013
7 160.700503 175.878157
6 149.312704 172.269087
5 137.976619 194.320075
7 138.593881 169.867224
7 133.790986 176.833173
6 149.258891 188.005776
7 134.197325 172.069719
5 138.294119 171.845314
7 141.333007 197.352179
7 162.574874 176.326952
7 144.002344 188.961541
6 155.655935 167.524886
6 142.253537 167.366037
7 141.282914 170.812350
6 151.107557 190.296128
6 136.382114 181.742731
5 149.467391 198.176193
6 141.393875 192.465876
4 166.234763 195.614312
6 139.929273 183.966374
6 166.135998 171.663781
6 134.316272 186.834887
5 135.494394 191.184267
4 152.966937 195.391743
4 162.286031 186.922466
4 137.662983 169.454019
5 141.712933 181.303152
4 140.211107 187.538405
6 136.742229 196.586408
4 137.092586 180.826671
5 144.824844 176.452064
6 135.373000 194.869667
6 140.843581 181.040544
4 139.323166 189.480248
5 159.565192 168.566982
5 152.666646 172.215029
6 166.212634 167.125300
6 153.757930 194.251316
4 165.400253 171.714372
4 162.314242 180.900408
4 146.950977 188.275461
4 154.508116 189.850221
7 196.350226 31.415822
7 180.277254 22.465640
7 185.480960 14.188889
7 189.135931 24.402336
7 173.476192 21.906400
7 186.964106 21.283544
7 189.616997 15.721081
7 172.257456 32.013729
7 171.115200 6.578946
7 184.720533 23.437063
7 177.495481 27.641966
7 190.050067 1.993093
7 188.615989 7.597583
7 197.694202 17.589585
7 198.309501 1.288937
7 189.261857 10.249361
7 173.638418 12.838936
7 193.956111 9.411691
5 168.013617 23.644254
7 168.025741 20.383647
7 176.423561 32.319697
7 183.879685 16.549879
5 178.861330 12.800602
7 191.318616 25.284950
6 185.478740 25.726164
7 184.537395 20.830059
7 199.448898 6.166755
6 171.178880 13.458179
7 182.070847 12.435896
7 181.703324 29.325133
6 188.698014 29.118413
7 190.903296 23.229350
7 184.501530 10.096359
7 198.427278 7.843657
5 184.049095 8.181105
7 167.371527 17.800543
6 192.615525 26.967299
5 199.073282 12.826961
7 178.419244 18.833785
7 178.634594 9.700959
6 174.118331 25.414270
7 175.863349 10.245032
6 168.904829 27.567059
5 170.833542 21.120476
7 187.723890 1.466800
6 172.701149 28.193989
5 167.907140 7.601557
5 183.418070 1.248617
6 172.143917 7.746317
7 197.274968 27.215579
6 197.722391 27.496128
6 185.603350 6.879227
5 197.166889 22.723822
5 199.747170 32.500968
6 187.847625 11.395557
5 192.395763 20.911905
6 190.815113 16.595193
6 195.808398 17.793259
7 197.701976 15.359478
7 180.477165 2.524673
5 181.292038 32.359953
6 190.389986 13.306524
6 175.280697 5.530835
5 174.548270 12.392510
5 168.414585 23.147512
6 168.903988 12.375607
6 176.858924 14.939465
5 178.110818 2.161376
5 198.180483 0.726481
5 168.979239 10.694618
7 170.900148 3.017450
5 174.141918 27.120999
5 167.574023 33.145790
6 185.091677 3.070440
6 188.075359 16.743284
6 169.965805 16.047880
5 186.974081 23.738852
5 181.830522 16.737837
5 179.267313 13.423557
5 169.095607 17.296370
5 180.717050 20.877648
6 180.075301 16.148309
6 195.813521 24.907728
5 174.478613 9.975951
5 185.330090 1.041643
4 179.695216 14.132613
5 167.696340 8.626881
5 187.912508 10.741818
5 197.831125 23.586671
4 179.660519 12.733778
4 196.713254 29.597582
4 172.076966 33.039977
5 185.336792 7.049858
4 181.548152 30.951285
7 183.404521 20.476745
5 192.850838 10.395419
5 188.596987 5.487768
6 186.656776 17.538523
6 193.477512 4.802982
6 177.928710 5.457713
5 178.339018 0.049048
4 199.639692 32.996785
7 176.983897 3.548717
4 178.732830 29.262660
4 193.018114 19.337647
7 177.020888 34.418787
7 169.854822 55.823173
7 179.258428 61.664739
7 183.390399 57.510560
7 195.085508 45.370205
7 185.555455 49.366172
7 190.603016 56.226066
7 191.719930 40.204789
7 198.226055 61.800511
6 193.499288 58.119916
7 182.769545 45.172091
7 178.566274 36.283961
7 188.985222 55.457128
7 172.405660 64.906366
6 191.406568 62.385119
6 197.409937 41.971440
6 188.803247 62.929773
6 195.467604 64.044180
7 170.923247 50.108755
6 181.234031 33.375375
7 196.795253 37.353994
5 179.418374 39.041419
5 183.237534 64.639724
7 177.806331 46.279534
6 179.762233 43.679911
5 198.478169 57.030565
6 169.136241 64.713013
6 198.985599 49.352362
6 186.009737 51.154334
5 197.551588 53.161297
7 198.309807 46.563803
5 185.164534 52.785872
7 168.250964 62.051890
7 174.097470 58.364379
6 182.314186 38.978430
7 174.947894 48.785474
6 168.970984 34.540557
5 175.841778 64.456595
5 170.121236 38.783905
5 187.566113 44.652125
7 194.142933 48.509294
6 173.068959 56.288192
5 172.377592 60.662471
5 182.301623 59.980812
6 187.164125 39.319317
6 189.148253 43.709700
7 182.059847 54.696005
5 193.323971 42.097692
7 175.048148 36.231245
5 198.572682 51.998162
5 176.907171 57.692015
7 185.752355 37.901365
7 197.004184 34.047546
5 194.727000 34.014102
7 170.931320 53.232377
7 179.666954 63.548714
6 179.124838 44.232918
5 191.128901 36.495786
5 176.154150 62.903430
5 188.312835 64.989258
5 168.054832 35.810976
5 184.265466 34.472666
7 186.203241 55.691908
6 186.456045 41.454184
6 189.527115 53.196003
6 193.374215 54.211611
5 193.852508 50.933034
5 193.279274 39.625369
6 171.258203 44.326111
7 176.705178 60.007291
7 189.311970 66.190288
5 197.254087 55.360983
5 179.090352 61.922220
5 192.789705 61.765326
6 193.347600 56.148425
4 169.402140 33.821672
5 190.478240 57.212955
5 198.858971 33.433363
6 171.445623 43.682121
7 191.047124 44.835822
5 172.226436 61.632850
4 196.761379 38.987661
5 191.611387 50.034126
6 178.886665 62.294623
5 189.783044 33.587827
4 192.289560 55.415176
4 185.332496 38.048429
5 181.391324 46.922746
6 180.382137 51.413848
6 174.842779 65.643516
6 173.222587 52.858795
7 184.429828 56.958557
4 176.887490 44.106135
5 187.298545 60.746632
4 184.038024 55.053656
7 173.140818 85.949671
7 179.798363 84.442481
7 168.976126 79.634122
7 168.453328 95.788673
7 195.075309 83.310863
7 170.677938 89.068067
7 195.586700 66.738404
7 176.556785 92.598447
7 172.969419 99.400401
7 197.063372 76.352681
7 180.228342 78.976823
6 184.920270 96.744259
7 186.970463 86.397398
7 182.902222 95.872218
7 180.158158 95.043466
7 181.313653 91.097816
6 199.001859 91.223011
7 168.538310 84.198760
7 177.163508 94.873654
6 170.030187 68.028615
7 186.673906 83.670630
7 177.410892 85.989590
7 177.414815 85.681573
5 183.230907 66.807842
6 185.448443 75.362182
7 184.913470 79.271049
7 169.921912 93.604706
6 198.939627 95.576402
6 198.051555 73.848392
7 198.584928 68.027119
7 172.288757 97.896456
6 167.061874 99.145811
5 191.671378 91.836468
7 168.605414 82.295361
7 173.997385 92.284410
7 171.182798 71.183347
6 194.603189 99.914326
6 174.935623 86.468266
6 193.063264 76.657230
5 177.628772 89.436313
5 183.816890 86.579672
5 184.257514 93.448765
6 178.883179 75.469363
6 191.235192 77.074510
5 175.711246 88.825785
5 179.135455 72.696717
5 177.903765 79.829937
6 196.216992 74.750925
7 190.820239 71.521214
5 190.517392 95.531029
5 187.822148 89.335747
6 177.142760 81.080376
7 186.693990 77.144849
5 191.893109 85.050840
7 190.625028 66.903609
6 182.871959 90.790019
5 199.402038 69.257829
5 194.035780 77.992589
6 197.901457 71.394269
7 178.910089 93.252548
6 170.967960 77.614630
7 172.345788 73.357636
5 198.697097 76.194649
6 199.499881 84.270764
6 169.307566 73.357508
5 183.898195 67.540269
5 196.529647 91.013749
5 194.307727 67.807513
5 171.676444 89.414517
5 177.487838 71.628151
5 195.270609 78.431027
7 193.019673 75.127233
5 198.291741 86.331355
6 176.472525 70.156794
5 193.292543 78.311048
6 192.696849 70.903231
6 190.409928 80.567743
5 181.521461 94.473423
5 197.136512 72.175125
5 196.236921 92.954267
7 196.806558 73.637534
5 169.738202 81.337905
4 175.651453 89.160288
5 179.839392 96.071054
5 189.521088 93.271606
6 197.857284 67.575711
4 169.986295 74.267315
6 178.367912 96.591773
6 183.227503 68.958228
4 173.421671 97.676245
5 197.011154 91.425527
7 190.707032 87.487504
5 177.729544 88.917906
4 180.241984 77.364276
4 167.043347 73.758141
4 178.579638 68.820740
4 171.394427 93.955472
5 193.105305 96.292599
7 196.201290 95.512026
5 181.520561 89.465121
4 189.695705 95.451528
7 185.856141 128.643981
7 177.412372 100.479852
7 194.524324 126.300284
7 179.064269 105.865284
7 186.729541 125.579455
7 187.191178 108.334157
7 183.191238 103.375232
7 167.669182 108.680878
7 191.497997 104.464631
7 197.623234 106.972109
6 181.248076 126.045509
7 175.150181 100.874711
7 180.025142 108.344828
7 197.406979 125.665653
7 178.829927 124.847185
7 167.369973 114.220353
7 192.134529 116.687453
6 184.652165 115.546956
6 168.268481 121.833831
6 168.449534 108.836650
7 174.246707 125.693057
6 188.139828 131.927947
7 176.473882 127.653638
6 182.195126 109.995040
7 197.117442 112.780978
7 177.475459 115.129699
5 174.258771 123.492720
6 184.704589 106.928364
7 168.322126 102.722411
6 189.519225 129.369370
7 185.783590 123.788194
7 191.363506 121.327028
7 189.704750 118.523686
7 170.541790 115.772977
7 194.565029 132.505501
7 168.352561 106.417760
7 185.732889 118.689166
6 172.729102 106.279406
5 170.393154 104.302079
5 171.062868 118.889444
7 173.256385 128.492379
7 176.070266 119.681904
5 187.781003 122.704783
7 194.898164 113.919247
7 183.738867 121.452702
7 176.192381 121.452008
6 197.672589 106.246440
7 193.380246 119.560819
6 179.518754 100.686590
5 171.467465 132.855646
7 181.894770 101.833738
5 169.985767 120.946318
5 181.707439 111.665298
6 168.663759 121.343678
6 175.456557 116.626007
6 189.376843 107.377850
6 185.718236 111.079099
7 198.164232 118.662950
5 192.181936 109.508060
7 196.199908 128.110077
6 184.308924 101.632875
5 170.424440 125.239295
5 180.208432 114.181968
7 199.238801 103.962978
5 196.014671 121.342649
5 197.343835 116.864157
7 172.120888 106.227692
7 195.911769 128.226475
6 187.245735 126.687151
5 173.605237 123.410431
5 186.524829 131.221979
5 167.213175 112.570154
7 191.965974 126.519923
5 177.033047 117.502773
5 194.775347 105.888878
4 169.088681 128.923670
6 187.088382 110.399038
5 199.594464 118.183165
5 196.512813 130.703356
5 197.549426 132.158220
5 195.752795 114.653908
5 199.437345 122.686559
7 174.070356 130.306694
6 176.244028 103.798763
5 190.687694 109.641605
5 169.275193 118.184236
4 182.912733 107.442593
4 193.402416 117.584100
5 182.523502 114.562219
4 168.911183 130.698875
5 187.927975 120.608512
4 177.396528 113.091388
4 167.532358 127.060668
7 174.401456 103.294370
7 197.387369 155.362670
7 194.656012 136.911908
7 196.573155 147.149092
7 183.870803 145.547346
7 197.028345 158.842048
7 169.421809 144.120495
7 169.214629 138.586124
6 175.010149 146.219511
7 192.164106 162.500165
7 167.909820 150.990558
7 185.600789 146.498305
7 196.441220 162.663099
7 185.833080 162.516088
7 190.058832 153.479328
7 174.994344 154.351701
5 186.364900 138.741301
7 192.251368 156.680282
7 173.857516 136.739600
7 180.520001 134.281722
7 182.333630 162.209446
7 194.488264 165.057375
6 174.492302 148.259084
7 185.941267 133.561283
7 186.562098 143.252507
6 170.621559 145.078523
5 172.827653 145.846012
7 198.647749 136.911340
6 167.153535 165.064014
7 171.847859 154.547162
5 188.723315 157.556614
7 176.599834 141.630384
7 199.626908 144.127395
7 184.853260 146.022908
6 193.070827 153.619019
6 188.057706 134.555507
6 176.377032 159.274100
7 169.835615 135.544646
7 173.764731 133.351253
7 175.254850 139.499628
5 179.690619 155.100152
7 186.405884 136.008663
7 188.438106 165.394999
7 186.411631 150.677369
5 190.506105 157.415674
7 167.400801 148.102245
7 189.422058 146.785901
7 175.632510 143.295367
6 181.642833 165.439689
7 190.549879 133.540947
5 192.363693 134.175843
5 198.089369 148.416690
5 176.531118 156.152522
7 181.634909 135.298753
7 183.349169 158.960868
5 175.032634 158.687640
5 178.837899 138.716039
5 188.260666 141.252206
6 178.316365 135.485362
6 169.811666 158.567544
5 170.420819 162.425871
7 181.359422 150.634927
5 193.830221 134.416532
5 189.722723 136.021326
6 189.890768 146.493310
5 183.105866 150.213454
4 172.546858 139.522352
6 193.903046 151.613455
5 194.152647 158.244630
5 195.428801 153.430298
7 177.234969 160.401046
5 197.596336 133.802288
5 190.484264 139.240946
5 196.659700 151.972443
7 188.671067 148.556329
5 170.454312 150.190888
6 182.622768 161.839393
7 196.012215 165.862370
5 179.475020 140.185449
5 170.564426 166.452605
5 199.824784 138.644160
7 172.750934 140.035148
5 175.616174 162.595906
4 167.269089 136.289870
5 195.068233 135.304791
5 180.634354 152.880226
5 194.958417 152.545631
4 171.686665 158.405455
4 180.609684 163.981821
4 189.442475 159.188805
4 193.651286 154.805460
4 199.126825 139.060030
4 181.061901 149.597634
7 189.535567 194.887912
7 166.732446 184.146946
7 172.423222 194.204448
7 178.801193 167.660702
7 181.803797 182.263985
7 168.610292 171.954672
7 197.017509 175.029181
7 188.051061 170.812940
7 194.368459 184.703429
7 194.311779 196.517135
7 184.668873 179.004202
7 173.175439 184.782225
7 183.835911 167.082002
7 194.495490 191.771664
7 176.223930 194.210110
7 189.189213 187.723762
6 185.695656 186.696033
7 177.533755 190.000671
7 192.164631 182.332684
7 197.159044 189.364959
7 179.951912 195.477460
7 198.794289 167.482903
7 173.582674 176.359976
6 190.369743 186.294840
7 180.413739 170.348365
7 171.203404 178.128386
7 178.516342 196.282567
7 173.945073 182.051327
5 193.917954 168.083076
5 186.206058 168.806324
7 172.887638 197.651473
6 196.374178 187.091110
6 173.973728 167.115545
6 195.609244 198.755476
6 182.373264 176.442023
5 199.370894 195.579025
7 192.683855 198.544849
6 181.414349 174.583010
6 190.919409 185.109785
5 169.428888 166.832288
6 169.030877 194.972057
6 187.781431 180.030430
6 192.398704 188.011798
5 190.875020 194.580693
5 170.220308 185.197868
7 183.913717 194.697557
6 192.873867 175.016639
6 180.049499 188.554170
6 175.989013 199.453358
5 189.310709 179.286417
5 167.868721 188.298713
5 198.016810 182.085530
6 171.459642 170.556836
6 184.817575 181.732218
7 176.764311 179.640169
7 168.082585 190.345521
6 184.099979 197.649067
5 168.716785 198.982472
6 195.470805 181.490751
5 176.986767 185.082254
6 171.228422 173.041207
6 175.025542 171.535252
5 198.976162 179.737861
5 176.022542 188.744125
5 186.413325 190.582232
5 174.313361 194.992906
6 176.498632 177.367399
6 180.503929 180.313902
6 188.742336 189.763896
6 176.075044 187.648324
7 172.978466 168.926641
5 184.512677 197.698477
5 178.198555 175.766240
6 167.396005 197.597466
6 190.829966 169.840539
5 199.243390 179.481610
5 180.329427 196.233602
7 190.657401 191.714024
5 190.271770 174.079793
6 188.746425 198.489828
6 190.614792 176.936022
4 177.436244 191.764802
4 189.139402 196.859776
5 187.980890 168.140846
6 185.538459 190.858449
4 168.698911 193.520660
5 194.213828 194.799873
4 198.929255 189.438314
5 174.535780 170.034139
6 196.494243 188.372007
5 189.231150 167.031661
6 193.142155 173.669258
5 186.872014 198.904109
4 189.913916 183.059483
