1	163.47789803421426	31.003805239726177
1	22.283922226247284	61.31512971891391
1	157.9051989267703	117.9393166288657
1	37.56062934120527	27.42276982477017
1	48.27219349153009	69.03073098000903
1	13.147751901756209	105.98541376086337
1	108.44932410192484	178.9418209772919
1	46.230901347205474	113.31079197424697
1	79.20121630971744	65.57661895479663
1	140.09475638844896	117.50602572267155
1	42.3651958108255	74.78299722431444
1	149.7313762965896	83.9573185791553
1	84.57012986798975	37.57500653705023
1	49.4989561728016	47.339071479339935
1	195.4343523481553	160.86742276002502
1	165.03258789770274	143.6720730265767
1	185.05504023577254	45.52798770976341
1	115.61123039887582	152.1417328202225
1	58.57394735958451	17.692605764705604
1	41.61021295611852	154.23422163327962
1	116.09489625883174	32.97385354649259
1	25.764166927687427	49.28197708375515
1	61.28547600692366	101.46059799534652
1	142.40241401515578	134.7670131820193
1	78.11637427601482	69.18228423814111
1	163.9934473570359	159.22411436497572
1	65.07029959905816	173.57999250965975
1	118.65204550155897	42.647098456677924
1	103.75483340803271	7.610169754370588
1	33.80260337554989	71.64228676054529
1	94.51302863928782	183.3171045154997
1	161.43216038144993	115.17130748604626
1	2.367092559669146	161.23099282390518
1	63.37521532818096	150.2934894432583
1	157.96080537613307	57.06802997510391
1	2.395601165940718	95.17177258153464
1	78.25527799921537	52.42064467616481
1	91.78043527168973	38.212365697820815
1	91.76897659064656	97.67864035622915
1	145.50335720577687	80.77355403808428
1	158.113255901007	21.459937609163404
1	52.653818088068874	2.9821542184910754
1	59.502860254464395	47.34767904058202
1	88.77734354276504	138.8893620589326
1	11.062160505663456	144.31382236057505
1	96.3142695763554	115.71127993707415
1	147.65932656196708	25.20666105934555
1	40.60229476333657	105.09180653704095
1	108.95435719562488	132.21657539178835
1	112.53178573495143	79.69211190151901
1	153.53936924630824	112.3651181979958
1	194.66712328105984	59.98588771445691
1	37.17209297418961	179.76121532728286
1	102.85163472429963	72.84968447941156
1	65.31841913303396	110.88022512929592
1	39.90485930852631	129.6781456815104
1	108.11523844469548	102.32256398706608
1	92.83601717290708	10.850491960754368
1	55.63933165105129	90.4997300744858
1	109.68045628869805	61.589514435597835
1	113.9092615179523	26.44291881386684
1	108.40564178848905	35.04039930367182
1	172.57873921353172	194.79775767255114
1	133.3467669236524	25.374030167749538
1	54.7099395734632	52.16681746328277
1	128.24005454097443	155.8758417955059
1	140.05142450741135	168.46762546566498
1	66.21098823144763	113.36846352925664
1	7.623340165051616	141.72921937616644
1	18.499887247140947	33.23022203481338
1	135.21408332254805	62.44674597321841
1	83.35234638729992	117.64268512645515
1	193.41498498050026	184.37197268162225
1	146.03277675516335	61.703860047558635
1	66.84297702520468	14.190560047897549
1	166.67281954392814	188.25999672393954
1	181.84171829042788	92.13141247620553
1	138.95019198090648	77.7428843236126
1	40.295736286278355	142.48940351776423
1	170.20806335708107	163.9222841344017
1	134.09483720555608	160.0281185436695
1	44.12055235844167	192.45727483460075
1	93.90419844731582	195.44962276884144
1	43.10341455470521	120.82454812271305
1	115.97502284631224	38.64968630761342
1	113.37704252823482	74.88567695133094
1	3.5680280488082303	86.85210396489595
1	188.74669927375584	139.17593915056068
1	118.68932024511247	27.965211166435466
1	17.90332736253771	62.74002843242454
1	32.06812707832697	63.74361631021549
1	119.48262410033487	148.5680583438309
1	39.29068684851714	61.9954150307845
1	104.42038267097365	132.70848571812758
1	72.32511838188645	82.42077572468287
1	23.444959280247758	187.75617558136838
1	27.99725875052394	93.12171195013201
1	46.78354878467084	49.3853867987406
1	128.71937326897546	166.8769484714636
1	7.402550315832201	23.07231758527132
1	109.57802116281744	94.19536898626785
1	29.598817852889198	44.623070089308925
1	98.20608718927588	163.90577812392564
1	24.471910162859217	95.0889853731893
1	163.0021181344918	69.90867508045034
1	106.76623353069294	68.68503840518548
1	63.277576393141544	36.20970901413588
1	110.33120733976682	106.15104701136556
1	183.26035827831436	157.43443090414695
1	109.37421970255394	172.92886295913144
1	159.4896606796342	156.4264307753715
1	199.5891096954196	65.5285053569836
1	9.901951954759056	35.191992013755026
1	54.93984820111041	109.516616441402
1	128.98529215452294	104.74921843431275
1	61.98865214788327	167.5052102962988
1	46.40404614808395	98.64942394792331
1	22.398180111790424	77.39430141611535
1	62.55876223427828	59.46120647272937
1	191.86399033599946	70.87532521422884
1	62.78579365492806	83.20917016861415
1	160.01074256058507	28.434311848354184
1	172.321719137998	3.131240187138218
1	106.87888324499909	168.91955313405532
1	148.77834646431245	123.89985045872123
1	187.78742045902976	5.3898193462215715
1	22.31605478531833	111.70445273489537
1	70.58221633372386	127.22392310749291
1	159.39789136066105	97.81662627087258
1	167.4949900826927	57.527425538466844
1	93.67514324258792	94.22099409148524
1	62.184744439764245	180.09599361306357
1	181.55879255416818	70.1765896838948
1	158.01097589888172	103.21979291697932
1	22.078351160666045	73.83234658452704
1	48.65782758733087	156.16829083882658
1	126.14965504246499	159.6935698123242
1	170.7695046803164	110.57071927375455
1	123.74901779771403	108.20061477760072
1	35.95462222660743	8.145849926812588
1	73.23871109992399	73.41853541808621
1	19.097536966239318	8.88046194754807
1	192.5991746147539	90.66912453055352
1	136.10957353078197	117.74502041936978
1	95.06636270081424	56.05996895534099
1	67.43759996248849	163.52572566930854
1	69.74837217538237	9.895584003049322
1	37.56081515556451	143.55851617806803
1	156.92094476504798	5.8775831271956065
1	115.24457319929371	158.76041776511755
1	75.69148654424816	95.65000047317915
1	86.47426493900247	15.620582290117994
1	38.973014591058075	142.81940444900567
1	8.801005865447337	95.10916129818338
1	172.3467441336009	98.91936471888073
1	91.50380335573425	40.942339099863204
1	6.410720635594203	101.28192899710854
1	134.86718370509783	140.74918059461214
1	155.4715927430865	15.904321177275904
1	113.63538592701946	70.48291440923208
1	96.98347402154951	121.56803416672625
1	111.6628486111311	105.20386601201898
1	181.71445513660927	180.77381041979373
1	158.1320805440301	183.0797248443693
1	112.65591535441553	70.39932388816112
1	128.5196584104882	95.07446686235738
1	6.836121616621284	171.45388949423796
1	8.526835854379442	53.43624588535306
1	157.98893661876247	49.47900983733899
1	83.21906491351518	75.47890810204808
1	87.61125970445045	109.37632415630503
1	7.621453261583071	40.07635831114396
1	148.7952379553107	111.54907914187453
1	50.55576942944765	147.4753481833671
1	199.8505467422787	85.64835917995862
1	2.851416629373375	14.97826228911282
1	146.87157998850103	194.26681857613698
1	8.979267344015796	154.34067735312425
1	148.21677467695508	74.60369227266773
1	182.9684272491777	66.10411348860544
1	196.08579358592777	106.99642875956255
1	6.11905734123809	105.1258410857377
1	46.95781946133485	13.69476899190363
1	106.30054515657463	12.448615745837543
1	74.00522630687249	140.39473169173039
1	36.51392354024057	199.532479896211
1	78.53639968014534	147.5724039482979
1	17.313111037833096	149.7457933252856
1	82.37995003371282	161.57392523770733
1	148.1052987630482	181.8109690770575
1	13.150809300333151	164.61254488009303
1	19.92733914607635	131.37331958244158
1	52.84306747653744	164.2648465153821
1	32.636126286689006	55.3324523310489
1	141.02108232453207	90.77042804791387
1	68.91574255034197	172.62689640974094
1	35.98035211068415	191.0606084144024
1	7.131150103792464	150.2216616289357
1	53.066377510260224	33.82242482621814
1	168.42969046816472	95.30367658537847
1	198.73496738683184	108.05401903026188
1	13.417179111813567	27.884672942034683
1	149.79881894465404	113.33888474565794
1	165.9202689951436	163.6613155800615
1	124.40751412751217	169.52707338308602
1	88.70157607893111	56.53798123403908
1	80.96331599524422	16.129370902087402
1	3.6172539609247565	48.696883227504856
1	98.44462216960756	31.650501307826545
1	188.26015111330247	156.77328558530138
1	62.85583208629879	186.80544162727256
1	63.5884617157929	143.20903450836778
1	10.053454435434702	46.085682023565965
1	119.44979336074391	33.889628524708286
1	39.08384065315133	4.977465482943046
1	33.468584580082336	3.2214305362446964
1	36.15419976429783	47.17994084737498
1	88.52591571373858	187.7206038316687
1	129.15564049515496	129.7439186979479
1	143.55999868446912	185.14896565553516
1	167.0605652121127	121.97818718317836
1	153.63126211196982	164.64230858132095
1	182.67078325489092	180.662427573426
1	160.2820112298922	106.98483652450489
1	53.491855123256215	72.78704707238506
1	48.12479069924197	93.26616407559305
1	86.38396168468574	121.72120388079372
1	91.46881819254264	93.76202668027037
1	102.65189553996521	123.5120516550046
1	153.64782530213978	192.51422232167266
1	196.39393408626074	99.10776428725887
1	129.41529814357733	25.173894001503925
1	29.191897293282977	62.10701816317999
1	139.61653396538674	73.47108013230888
1	183.23203057531407	176.2572567167358
1	147.87860362498265	154.16022243467273
1	126.48113195054628	50.92307419725955
1	80.88564526147366	40.67981665906609
1	103.1728818737721	72.48468503968542
1	67.816312626723	33.21817679128878
1	1.8427025607122118	142.42968614544515
1	82.42700479126353	77.87720898897697
1	43.23023692072496	41.146387262932734
1	181.88675226947197	140.36320460896007
1	168.81242595686803	59.532818027296514
1	106.60680781715695	107.45394412729593
1	17.00195829858285	45.973829861965044
1	27.328886162628265	95.14628284135102
1	158.4390634890189	62.91895859443542
1	104.44500273717148	151.56822066570442
1	176.56083222066115	111.14888264203637
1	39.971748891158256	2.910546527955347
1	144.82064228562797	133.46666860845983
1	77.81796194577254	71.41997840197536
1	127.72575287438258	126.34375187499393
1	122.14725105578037	82.33640803070205
1	32.808011252183036	165.54870935231014
1	197.97344902092885	2.374050675847343
1	43.255609364174404	162.34059098097202
1	28.05811707125767	72.33195603917505
1	162.95983978517216	118.99332469531669
1	36.913176143106284	127.02458638021858
1	12.554432194192032	56.3335854357731
1	145.22259613874166	56.68570475025899
1	55.56286817666103	25.171983875669298
1	54.73372381077078	85.4441284383879
1	160.0927383026809	192.61729612590653
1	25.362618363480124	165.3981234366202
1	145.2256767166299	29.593023998034823
1	124.08760276970361	141.82695122587893
1	26.45026121376648	87.97878398611994
1	102.22022886935298	67.26581018870854
1	138.39705568017592	98.52124268216625
1	3.663951969409311	175.05355576957487
1	17.408099432534556	7.0174311172118
1	126.16737633799409	123.1958841621929
1	179.82768906455505	70.86401847096118
1	25.637725891420843	113.00991175224067
1	50.6490930192366	67.89292256316241
1	169.86106892159046	107.86213360767147
1	49.289303962857645	158.65450556699864
1	198.3019216766628	123.86215749989452
1	143.18860509956136	194.2805037877506
1	104.11812152143824	91.24988309995445
1	119.33434028383323	120.9010328547954
1	158.25866159305917	173.14858777452406
1	80.25331929227565	166.69700109956665
1	153.20646546288776	20.586384117383545
1	136.26195973960182	183.76059445365757
1	79.91769712461212	171.06449601879018
1	185.70869898900753	64.21984069334138
1	39.137287396458305	67.06480318290113
1	117.84112019809407	197.20863861231902
1	153.23670986102525	169.5762008602277
1	179.0200366055808	60.05316469371553
1	141.48431786708392	187.29000585486574
1	103.4956304226049	138.34275934144114
1	176.40465807693488	171.20220203280314
1	67.12025120946453	178.41330695594075
1	25.15080513047866	42.51250553596387
1	64.08214113415391	118.94879734546447
1	140.83948108756005	174.5467796160474
1	56.892830165056125	65.8953635624344
1	126.39068230844481	119.99267751204326
1	107.49244513805377	23.034673465118743
1	149.17940247675773	160.72318380140172
1	1.0628435476328377	152.0311295018314
1	188.29708716979644	191.77619868807574
1	76.07297946061868	57.63768291992767
1	199.42235020778963	157.0709053679093
1	181.50561328099826	87.50978759351489
1	179.49809072194165	112.13607313022067
1	184.74305434840608	39.59239968145013
1	56.965174684300734	71.60318697880774
1	64.31815780531707	44.401658341928
1	151.6377285657279	60.05938000461907
1	185.92275697654338	196.29418746790049
1	7.389562452411809	120.94014055857474
1	106.45322628498002	7.8496145118146785
1	12.554516351360434	153.2485163032684
1	181.32005418284842	53.213487930093606
1	43.2934503007412	110.42801733322426
1	149.8584904578895	30.271415254931895
1	140.2633282212695	179.10584202890396
1	43.00584137765665	184.1802325992491
1	78.30879000244857	145.38839633283283
1	91.30204543947951	161.89558371997424
1	109.19216464698593	112.66575889890811
1	139.34426298856124	179.00248361460763
1	11.823357910842304	124.44261529956253
1	79.15710530271173	144.70790094048942
1	142.97633938735885	93.65884184594086
1	129.22921963217607	144.46528683350886
1	8.454982136628843	107.02187189819614
1	170.28306512887417	164.66301275473768
1	22.59100058482767	110.48364132608634
1	107.19790490879154	64.3950486118514
1	186.49405430148659	29.919711819830297
1	83.98236810174103	17.764066634952968
1	193.3596616370384	106.21034959811743
1	134.34011127324595	101.66013875398778
1	117.31306989504719	141.64402954715177
1	5.89727370608685	79.28774016028808
1	118.83013481645025	119.74669756782316
1	1.0137230665164054	116.21527352359891
1	121.91430900995692	115.16963490483931
1	116.6686476848206	14.31328270720931
1	95.19345008419259	184.31337148211634
1	152.46281181326617	32.48957101322182
1	119.73045448931413	168.73642473734918
1	71.56123511417701	127.6143733006528
1	63.84099416464704	166.66070925278387
1	161.6538062835341	79.52390977732631
1	76.5954078201446	123.49339587263472
1	190.07260824446053	40.85440132353108
1	153.17827547528577	78.39398285749411
1	141.6476814008396	146.9349014838782
1	11.779654075244139	99.79460219377552
1	132.9933532114482	175.95476018996789
1	97.95612231822861	64.90242056424376
1	131.79998124392648	57.894845493811204
1	70.78156566211487	41.50105114330094
1	2.074860243437058	185.52773921717727
1	24.13581859226727	111.39094208621776
1	194.48150074829272	0.5710622609873894
1	164.68059257250383	82.31379450936635
1	110.24573993662534	112.20105444872922
1	149.25175385773116	162.7730349437731
1	192.8678798805679	166.80259474179138
1	178.0180335400504	96.25477978506706
1	63.04317947736274	106.34992539684868
1	20.135717541594204	87.04795283558508
1	165.13464347124795	197.6068895240374
1	2.802294844863752	18.724089505578746
1	84.60205725317945	129.97198493259407
1	149.0291757536114	189.11360450473353
1	142.88513535914643	6.278234852694709
1	161.81381279453706	7.994778782426209
1	166.6297752836606	4.479790115593687
1	145.17173725767844	71.4953413784122
1	98.36131743326644	180.944042932851
1	11.126834020315982	183.69237061799146
1	123.82547547480726	74.9962166514228
1	23.36632529362936	54.41373733358077
1	38.003913995033855	56.23026263660904
1	138.82968411737073	72.91030467477623
1	102.36121454485135	24.441308415081892
1	39.85858580979138	191.45227895914212
1	50.002492845153	68.33153470176325
1	57.04232481404233	159.61367194228535
1	159.0512241681152	139.29513252967593
1	49.93868826841981	149.9294140872072
1	175.8913568785038	189.85110840060418
1	184.4162538781203	183.80862815598283
1	160.52943136302542	166.20311020011593
1	141.4002197037613	60.01599046430846
1	146.7954923822229	163.99490634553058
1	177.85972620367892	38.16565558880646
1	80.91102613825922	131.88442313285168
1	151.46434798616986	123.48616368028723
1	34.37266597897789	100.55996485478687
1	50.01737759190138	4.497132426454982
1	158.70788981230777	65.72808781236034
1	159.1519476373811	146.9388215556035
1	16.009647799184336	116.2096756460665
1	146.26715115494653	135.20558196925873
1	142.07281540427016	165.02797883280726
1	133.48663154846918	168.61202370953816
1	189.15856566555067	71.04019676657526
1	60.81970789870485	144.3905304964867
1	81.79625893074433	86.22145330175914
1	102.74207820397004	188.60139036970077
1	81.70960638130009	60.96889750648933
1	156.26650737955885	89.8872257158535
1	80.36540507327896	110.87250978054396
1	32.87117958278273	154.25413337083256
1	104.1803145574421	67.12391470784797
1	78.10448195618318	29.233338625981816
1	38.44717187195167	87.3793509757831
1	127.59823667350867	54.29360458040799
1	176.9651038118064	27.799658767356476
1	27.853435685603046	194.46686778523463
1	39.16722224843792	181.94082150545972
1	23.65793758441609	42.0534910060486
1	176.2306614254794	150.63927895819853
1	158.74200982807037	109.22596724571935
1	40.55943209539504	160.46783250216532
1	34.235014156899325	89.4400045645454
1	51.28395229589532	115.17358847747664
1	179.4912451701897	185.49229265596745
1	31.19980234450756	135.68720827115328
1	0.013889922533707022	112.03338223003965
1	134.90722210211925	160.76050156619652
1	143.50834552704123	52.97379670342531
1	199.66261309235108	18.637599377697
1	110.43212458303293	22.088037600134413
1	45.65497869538456	5.299225353483422
1	162.4008006570574	38.939425072223
1	15.61314396802112	11.116516234017979
1	16.975736672046963	66.22906441108535
1	23.046614321302172	4.361039124845462
1	57.86006245571309	87.34165245297942
1	124.94285109901114	17.593957661938305
1	197.5433489875801	74.6505376193623
1	157.64881336537212	134.6542330278944
1	0.9887203378477523	9.821544819968409
1	188.23358178543077	179.4068263429396
1	57.37025844042137	29.695389241472895
1	54.15862380136218	10.480299921184724
1	22.27371010560836	63.83742440676082
1	80.93489633327533	198.33723551543954
1	3.307464253243495	191.06133911935098
1	25.919908091719577	145.28899062331442
1	138.36134168316414	131.46111275935937
1	102.69103611275978	77.87825768050402
1	55.228933155832834	86.28244521189157
1	182.54831662166748	114.75231584037653
1	185.9209113789733	103.70400644737077
1	37.731970613706835	52.8741157561316
1	112.70586067085452	192.00061543238223
1	164.80630656403656	13.029793546608659
1	63.583278417731776	66.53144280905548
1	169.8517963235882	27.30212807846226
1	120.84759848905935	60.47361210362976
1	33.719853347514714	105.38204108502049
1	144.64537600950666	55.02374622441377
1	153.61012432286202	128.02295801349544
1	87.50789690023538	161.84876095557132
1	55.6567779191715	154.26257876222434
1	28.723613732386752	125.44963130826028
1	79.47345244837601	91.84522556835606
1	12.229073350721194	62.241875749167775
1	18.275454449752772	54.83945306815539
1	29.61764911219373	49.27086467549407
1	24.578670133128128	183.70441632215136
1	182.9371504078552	36.91966873609269
1	30.743137891189377	110.7118826044707
1	120.21609632738051	110.42125428119869
1	88.27768132796473	62.62602996638583
1	189.72252620761083	35.66794235663872
1	18.038959657312375	178.1282972294576
1	110.07916048991251	88.85529076401082
1	21.597511434668576	86.949123237133
1	168.72075344665552	43.725022701252755
1	113.62817296682744	152.63664792074326
1	143.99676052564917	26.99721522620996
1	151.60957003431344	54.38735758753097
1	80.38197229516737	3.735053089412645
1	73.44833458708536	14.196400574453264
1	13.431928664678907	185.45904012173236
1	161.67190556887357	106.39981017425015
1	97.84919509543306	141.99463065139344
1	183.34058590272497	52.69527486426324
1	163.71081758299533	170.5432180744208
1	189.40957021474912	190.58336276073516
1	24.483540819314555	96.68215166609411
1	59.364631231891735	176.42097900516035
1	18.048048433875607	187.2311281124118
1	65.87060473262636	51.879703006883744
1	84.77568338253883	78.19338376997325
1	122.4253655704419	188.92148678183287
1	119.2733146205569	194.93487038703722
1	17.091564625509648	187.018297427224
1	87.21754995867809	55.285810021064606
1	96.76470200916413	128.14400611735482
1	181.08760054172598	36.5627825103723
1	94.37489661671162	29.11347397509786
1	177.0625381620572	26.360772935489138
1	59.51434186732547	102.0599258562197
1	143.57483822980413	134.54274914519237
1	74.5081337065451	35.419114936279215
1	42.55581879232503	134.69564649681035
1	41.28219965810743	26.56915197670324
1	68.86129862884746	131.11758786141854
1	67.24088813846822	152.41917897673557
1	174.9549383668887	85.52870055864088
1	149.37794311322443	99.69694703135104
1	195.0807446214286	170.45637790057611
1	91.60880912428007	129.4917760611221
1	197.2878481105255	82.1591078085633
1	54.95651629621122	126.37492151254497
1	85.88230375244899	36.27705093050935
1	128.83091851076261	178.53097576852247
1	122.82899815431131	156.91200926960408
1	137.09771531949502	32.47250319952383
1	101.38612593530883	14.801708093045903
1	5.972197977242587	72.12353204212849
1	145.72921898387847	57.984628505212754
1	58.952422223583255	168.2299313891063
1	94.78807099165442	48.93235568331832
1	106.72873969917254	43.06608681051708
1	110.41584830389013	95.42474338337172
1	163.8706743167744	26.140438453797714
1	117.36868103120224	131.77752781102907
1	43.41590602957774	146.67447124392072
1	103.47957544389249	181.10998572581718
1	10.302747896821984	73.38493918450814
1	145.9360821944166	113.50668923363821
1	40.916271106749804	159.63048699603968
1	89.33771428740147	106.61800451221836
1	118.15818674249203	21.3623796409629
1	151.10097526758534	66.14515648859987
1	79.89074232190967	140.49684652650058
1	29.74410247285411	173.87338682950843
1	173.2385598934477	16.526241133227302
1	194.2271822517738	152.9151795482852
1	117.13072904245195	129.25464304096045
1	165.6803685115322	179.4917139528249
1	175.24150498543474	0.04160896901228739
1	9.138180259070566	29.48259429151986
1	89.43893937937662	48.5090258609942
1	90.46692802975593	150.842264612309
1	52.8193187239458	175.18570828670875
1	3.587992605651692	57.068955464542114
1	45.61755007933465	145.47626039422477
1	188.79592052946361	7.545315561650227
1	158.86139369125783	94.63543238804004
1	141.61775196111358	146.71247984079866
1	134.79540034949895	91.7356993097714
1	119.90120223554925	9.028225636511678
1	122.7235457631399	154.0184499136471
1	119.58242682423395	17.065183520758353
1	97.94326696024876	12.07726293851809
1	99.19376799111507	158.04399445816568
1	72.35072220679598	15.808108689250929
1	18.845729703600398	181.04779066716526
1	73.51421512686977	139.16235790868046
1	145.82545349701263	30.318638114826513
1	125.53478090983867	188.5810172770461
1	135.46017198752247	127.88923464816997
1	96.0455372725707	42.343659250305876
1	154.2021358680788	97.96335923304736
1	134.006099298221	170.4981937507128
1	15.459966734557185	117.83124050070211
1	142.67258387234887	141.30548329098195
1	103.8185802450846	63.150380469973015
1	149.59051436895345	21.550839659585876
1	64.14813165742225	195.83896030892686
1	101.32471610632331	117.41813775266627
1	194.69019590558355	59.304735512849845
1	4.705221936366144	84.56898934085626
1	115.19320240777387	77.8091343302122
1	104.62049551813368	89.56264749202785
1	138.05761985881827	6.617856161738814
1	73.31772335674935	132.050584022627
1	74.48369975572797	77.44367647436587
1	4.6921615780572665	123.40700406861373
1	135.7059469996339	68.50953947582343
1	88.15567683721986	95.76681897161359
1	160.94903099876313	122.51070734409188
1	104.13390139660225	161.86509880551222
1	2.5550632086048495	183.48219173580492
1	120.67298561706752	156.26986145372666
1	85.14526301781905	80.89347037292777
1	71.99604189211021	101.39648040563799
1	21.80330129945682	184.535355301932
1	85.28690358971829	41.83638409089929
1	8.368209632459354	64.06347049961232
1	45.213912564819	109.94739372543927
1	100.75361066151885	179.43764864231667
1	157.99804076811415	105.14124523808124
1	26.700412965570052	50.476433017377474
1	87.58972817081752	6.621797161505242
1	109.57361478940095	77.02095531462925
1	67.0342189063868	131.05425865928277
1	3.423259293755933	132.37138243288638
1	184.60953269350313	121.62566087145234
1	84.99823064284635	171.7155658943695
1	74.57695993995702	139.37797923578
1	70.1474854144015	72.96485965234922
1	121.65091507670923	144.6069912988537
1	39.238569996881836	137.83378411561466
1	100.63835581200755	134.72747453807546
1	84.35184140768746	7.915889364977289
1	49.034791933100706	7.016492874011334
1	147.78944247322323	119.03811716699033
1	31.870404017792254	10.33238686513397
1	104.29377494706944	164.89168768160158
1	157.48115475173705	157.01169058312843
1	45.08924161198985	24.308619854816016
1	64.69393330652395	58.969587403442404
1	67.62649847695326	147.9010724121208
1	8.340764130473389	56.163913036327756
1	178.46656225631563	130.94704945760185
1	193.63467978558765	159.24653171481083
1	189.29435542045798	116.16663114033929
1	89.75309321267076	149.0139286001916
1	125.48239855821942	120.23161726149834
1	83.1100743508494	81.61287443175502
1	144.01302278489254	101.80503699848367
1	182.8298572657672	32.842954954603556
1	35.49080238992718	43.878468470363686
1	78.44424398756337	26.19997444937954
1	88.95062840618317	151.48899370876916
1	67.0581810506281	101.43525907339449
1	8.976504284709364	107.15687954957718
1	70.01596955506437	124.69233493618759
1	105.09264304465353	11.971264396844276
1	176.35885087021347	105.15520241252756
1	63.17162612104073	1.9116475683110536
1	135.0941562552644	125.85542570723601
1	129.01098190396476	46.243235616512294
1	37.01003606557114	104.65843296425118
1	186.2965532835866	72.59845781919466
1	152.61465809975778	142.14286143858692
1	131.28070814604598	10.212153956895747
1	72.86358274572729	38.14401968108555
1	176.9620749542746	81.31145731560167
1	196.1819878550541	64.61421035627365
1	185.8943059633046	152.63757157648786
1	142.70013883715762	19.619027998477804
1	52.26626076755454	134.52388733235006
1	167.8786209129634	102.13592671473856
1	90.53134494476507	128.76306244078535
1	142.4071192550071	41.43265884298404
1	75.90985113602932	106.24365507414745
1	75.16277072559626	121.3783676891502
1	137.54120504855115	95.93095317089507
1	62.86721047550981	78.61340923834189
1	6.223160102834896	152.99686543587433
1	94.21309374692225	156.69798761181022
1	11.195981901503984	75.48531348583538
1	188.45773120191114	192.8493909041158
1	43.5434854636016	68.01053480547091
1	98.7267788108415	109.76680242677787
1	111.30019108968645	158.4832303604561
1	71.15477865525679	84.0725081116309
1	29.478265494806436	32.75484075428841
1	54.87170212328701	102.06365908693425
1	11.129634365518598	79.11870370224756
1	114.79468059517745	8.581933346245847
1	165.2794448365227	191.07941850379484
1	114.36770760725153	170.87657075724542
1	107.1741581032984	118.89885132301191
1	36.9071529925323	44.79462519783661
1	11.239536194676532	24.075005626312816
1	56.73092998542023	4.250877359376915
1	14.532176428821543	194.91492507599486
1	160.3960891361503	48.01069116503842
1	183.89102407477498	171.80715737186864
1	28.51832253388889	151.64878421774154
1	131.8217896496721	115.91684298261072
1	148.21345654214053	136.633517823364
1	85.5861726405904	67.27672962648438
1	84.58326111099302	127.46441423824047
1	86.89036130924251	184.09188352621317
1	2.75862975134379	77.92346458774426
1	117.22911181991708	177.19259999490657
1	71.79255769794054	127.41957267442314
1	4.458075330931109	32.69921905287404
1	79.53885721769285	92.51557486860702
1	65.66976133507615	4.3871763958386225
1	179.72099151942695	123.06604734172157
1	64.83414344125885	187.8954196177703
1	143.50420012402697	69.73023432130788
1	54.4039973418748	190.01064239845505
1	157.2020802144812	10.629835103169285
1	148.21506322789799	138.85911324932505
1	128.01109072710324	67.80894353344826
1	98.06374183247846	154.40712207039087
1	172.66307779511652	181.73058918590124
1	126.90138496812347	11.691790966870371
1	46.38219043384089	132.76637678081528
1	186.57165133255364	163.15631408352073
1	147.62165041391756	136.0186766520526
1	89.7317069862263	136.81233385927567
1	115.51575910423566	131.00013442920488
1	146.1981571297734	187.16089835139127
1	162.9884524207144	46.856045201183235
1	168.18895333286667	72.70636898092704
1	54.9135000562884	149.53038598879465
1	98.80420044956912	129.02159161165127
1	152.7999331623841	34.61540742642262
1	7.881664093413889	176.53044200344726
1	125.9950422124536	97.57864919923423
1	107.36358692327661	126.6887739691569
1	134.67380890695028	64.27546201789778
1	18.215394769451166	124.6925718561123
1	14.571096065170877	13.055299182321363
1	1.9456794347050845	191.28715533127632
1	68.43158277470928	81.30671622889429
1	104.72931639514786	42.369973610368106
1	179.65745801995484	50.837179245051715
1	114.19523031963723	44.19787812972271
1	50.211978181276606	56.45966262907672
1	121.55362275682211	101.22693530115771
1	14.123822930453258	34.497124735057895
1	91.118032534841	199.16020494220925
1	166.89721231422226	153.4791525706945
1	114.68524497105864	109.14480832018427
1	34.389924108581226	176.88350934508532
1	40.21468499878074	95.39205119456136
1	66.45656208716144	126.67346864964293
1	134.427227237708	181.5449932899346
1	196.6032990005188	105.48719642149649
1	166.7795441464665	103.90462917234328
1	114.1642535894922	69.08848296239387
1	156.81311503677546	88.28366967629034
1	57.47726759763947	158.76301842164213
1	78.7237735611767	185.02025871629974
1	59.28976375059062	117.97788952559193
1	194.61267399731526	127.08104840589431
1	176.80862032273689	179.6805824712563
1	114.252584721723	91.42516876087194
1	116.3684991870731	23.85191841998116
1	107.85369430398373	5.461341025470517
1	168.31102200946674	71.25158408086634
1	121.11207281178679	16.590444623881098
1	66.77058260127438	188.38598131174786
1	47.71860052632363	50.931382245242844
1	14.843105819220256	86.06588506115514
1	124.30515972080775	66.74273863448622
1	185.50462939784825	51.72769575712596
1	118.22763733482083	192.9831312827497
1	94.05167225758777	56.670299949671346
1	144.4568925157667	12.6515262538787
1	61.03194225458526	164.49109026022194
1	94.64443288184532	106.94202104175832
1	131.7800398382817	68.14860684750983
1	119.4123283263479	123.26462875957895
1	118.69236767872377	29.372965344754846
1	195.02079517067943	46.165372869707085
1	189.7558687109614	168.57040594650044
1	29.544203285442194	60.33211630974529
1	43.23349858613099	143.5350150489365
1	132.0284103230294	104.09168449892536
1	35.632334367884056	77.49581111429478
1	166.71968551933594	198.9328419088987
1	173.84383723147636	178.24580981412248
1	110.51492473699278	13.583444216607631
1	13.353806906269426	34.33197710258705
1	197.55088781199356	89.66709070040156
1	106.98396395001424	149.72334282229747
1	80.87532404776437	93.75122371627026
1	139.97148787122575	164.52125939955675
1	66.73928305398721	46.73878606836763
1	143.6936284638025	81.86989250815134
1	90.10088853235243	120.08709670771464
1	172.47386824798758	154.93550614902875
1	122.66627889653051	74.07424026186914
1	16.005370632453037	135.04438796212878
1	53.02901775874088	147.90668446220303
1	73.7682395448166	28.14139581952682
1	55.91787553048104	134.1552860872348
1	6.392650250036752	13.634887327481323
1	125.55736403987112	195.22948193252472
1	66.15019827256668	25.845234644331555
1	150.82187741186414	65.55186800985467
1	73.86941359733999	74.71213712178599
1	102.84666044287269	138.6391468262613
1	98.41986405173719	84.75408051617961
1	89.95459456711086	3.426734716344896
1	144.6064742617462	132.50223859256505
1	140.82588043863052	93.03261560366587
1	167.86579459390708	59.87101649216612
1	21.78172273331475	182.89673653026523
1	59.7172921124191	124.82082954714946
1	63.05978957800943	188.8396597993438
1	168.970887866544	166.85427190219946
1	138.80351892110752	72.06027058810304
1	23.47499730092926	72.01908396354207
1	161.25506336765346	76.94998338643188
1	90.52473182300099	61.00331083075423
1	109.9617353868071	32.67847163226446
1	65.86708630460356	100.57911199393914
1	121.23160433763672	112.62011503327375
1	134.91383441508947	194.02795809245936
1	5.388403003634721	109.4477426578764
1	21.391027675843418	177.08547666530114
1	185.7542029152334	33.50007157647164
1	111.51458804210523	67.7735308972542
1	58.302777141698414	197.92149351328845
1	146.37445379905404	165.96474822507423
1	147.86523095009665	47.34377121701198
1	150.426785689074	1.2448818580600118
1	190.91941933700178	181.5863049499436
1	167.77493801747346	87.5848169419981
1	59.43958978698265	56.20217178076558
1	4.006435451884897	135.16074814796121
1	143.9023128525875	159.42501991213697
1	6.710166045839685	198.9108809050395
1	93.09564593296301	55.7683102036174
1	39.72789781570637	141.23327342582024
1	26.419910168599756	196.06579296764085
1	98.30863990132161	148.83948258519092
1	68.21992535577027	145.80979021357638
1	48.185942429214634	191.93830072583518
1	184.40052408652724	173.46435222085205
1	0.9328461752651549	95.44279842316564
1	10.535746216567617	170.60707885190027
1	38.17071231584478	104.79753738424967
1	175.2006670082538	17.74002076717221
1	95.05168308496633	95.58718918279249
1	72.09458294046976	122.8273282312611
1	170.0706287448461	66.53406194577389
1	11.042392780232518	84.63509564917246
1	127.81073139228084	107.44193768496956
1	116.76478449705093	12.650001157036485
1	170.55656780982093	93.23162030259186
1	10.908575098292857	81.37785516724216
1	174.17317378597994	169.2273237471307
1	25.25691492085241	142.1323988392083
1	73.97446474064748	192.471277749568
1	123.27108101019076	164.99491939254636
1	184.7542031433818	161.61184368274542
1	118.26869738572123	162.50735481617278
1	159.21638112750873	148.44168202621677
1	120.14824239915168	77.03568341834426
1	175.8693008745359	195.50914877659903
1	90.3599933965728	21.489077598022135
1	193.13658782689805	133.1742742181479
1	129.70922050285333	150.34776415412654
1	135.1950842714972	199.07255731862813
1	177.26152459581567	158.82023742481135
1	187.25350477322513	16.050158841630804
1	93.5391968991155	21.071717714829134
1	198.34973918971406	175.89182736997515
1	195.30152026128735	188.49986781743502
1	118.25334930310942	153.18833365469266
1	171.70364660841636	73.49934218037652
1	99.6913993206474	118.63431435827351
1	198.8607997764048	136.76165217281914
1	63.54565148204381	59.18744229114259
1	2.940392718992655	177.93689503100126
1	92.82922468071513	133.18655796641144
1	59.75417940122105	168.70259783729932
1	37.13867877715123	177.64728205661777
1	192.80773711542543	66.51141612571922
1	168.5432387051859	78.79046248001617
1	83.78037432385787	60.866693654623134
1	39.20193958665496	114.43051975140548
1	127.90095237591123	161.49185196479732
1	104.06614131428694	42.55695690068703
1	174.21791446400204	34.19148998396423
1	191.47808582835853	115.87660990159958
1	125.45333304645135	187.5706145784219
1	37.24806081505446	28.76977347766268
1	180.7754108440447	174.8879339968982
1	113.01873272677028	32.742522915702125
1	66.35231775413058	161.50699187525186
1	30.4388990442323	198.4187534811656
1	155.9376997215449	144.49995193462968
1	18.032285806126822	186.9521887456018
1	128.34627099523715	163.26220907187883
1	9.384955146911182	3.42451684490689
1	105.84171688171466	34.97345213135014
1	192.4852139941181	93.17706355847997
1	14.015410222995996	111.75303847709273
1	81.39036578774193	169.36505689021965
1	23.07239031809044	36.19056134843177
1	106.93900961747994	178.00542526682807
1	132.7295101972473	171.5995133798321
1	30.15165631564173	20.840678623113718
1	3.3256936184347126	37.55281017970486
1	44.28895257094436	119.41840650053643
1	151.72311962959844	111.46991856082718
1	135.2432902422035	108.89701245068017
1	96.00681805320528	7.8002901652490095
1	14.493092902778926	114.51789043281428
1	4.097818481751801	197.7509836035738
1	74.60101375090568	116.47617396494405
1	41.50664341041224	108.49586016622811
1	133.76276426601453	3.9821399644521307
1	78.0214087513395	39.98139322201766
1	117.63386381261967	9.195356708557568
1	86.40506631321784	14.175121032953001
1	37.493097350287115	119.9446489617639
1	60.5753924099547	135.58471641374524
1	108.70336604143802	165.38486175996047
1	189.3614653404024	129.46001777088378
1	192.22957779913912	145.70887132763886
1	183.7672118876058	3.029795531205849
1	77.85675386591254	94.8138757979491
1	93.21975448261651	53.811193366265314
1	67.14816451291045	64.41118213761507
1	176.59706936894122	71.35069027978551
1	41.79832981733381	180.94710226892335
1	172.7823525120774	127.30544617199621
1	178.17907578845058	167.16672980867054
1	64.45553987450029	199.4568599263206
1	94.56608126586127	19.80482892130496
1	36.61271478599954	35.52041019462368
1	163.6735845004423	63.32238971965762
1	135.02267547302148	41.04606961223553
1	128.92421875545836	69.03800889363214
1	125.34010128836769	178.74907197298353
1	163.38115039983603	69.17106303404802
1	149.83244124752173	1.9064137941670651
1	20.556661601814653	187.8480848897285
1	137.7797193610445	44.90925495188978
1	146.05975032307714	127.19316701927261
1	93.10496740196379	79.6224900197409
1	152.9490752924927	59.89048505081206
1	177.25038337322337	196.83096010463532
1	184.17795977305406	185.37624281417163
1	146.24504275779447	77.28942303389863
1	117.79214075124213	41.82134906934755
1	3.329768052737961	50.98897181520462
1	70.60027495901795	6.669095319517737
1	160.1937636646182	84.49221685533985
1	49.20748008954715	117.2058201949178
1	158.60004913354248	13.115762109668992
1	189.74118434781968	80.56687070994474
1	199.99530559201872	44.6471745221464
1	60.1059786441927	116.49189669492256
1	20.018743263512107	146.60594523625912
1	135.412769172013	42.26611063854526
1	72.0333177007306	85.59622427948051
1	125.7174257197222	77.9592659689315
1	90.68287626442145	35.751756538572806
1	9.584161009381376	142.70622177683623
1	150.46072218040302	0.5964823015431762
1	21.34334753770966	30.69775322521707
1	80.51862356927859	118.20596831409705
1	138.75756216423719	109.37216801202084
1	148.53838526592966	136.12526382009747
1	174.29683019599815	3.316245902469774
1	119.36128686325605	164.63184090744073
1	104.2019522351672	152.82505205268183
1	120.52179274527742	60.39416114797439
1	17.20418058723675	25.233825278232302
1	30.482436570026238	128.57058507540097
1	24.54873935657281	101.787490561953
1	130.14168662921475	129.81084256282998
1	152.00412766390065	90.14317291772954
1	43.38677684882083	168.05286112217465
1	117.07506486947489	41.36864784906544
1	126.89844114933442	98.96951119405395
1	131.1862780153083	80.24180345461815
1	3.409405464796521	110.53139807752132
1	96.50837077060305	22.851716180018258
1	94.17473514314605	69.0408899491091
1	128.47745312219928	101.37723432762635
1	0.08618579718367414	88.47443460117927
1	192.18989300203026	159.60862818531297
1	5.250498370628861	92.35770567500862
1	89.13148500957408	52.34150133368175
1	127.13077346347626	23.54693406155485
1	94.7050493561145	46.03420017114382
1	38.61868169002426	115.23390349336734
1	3.905725468531955	78.13700010335452
1	76.62424073007446	96.45954387585272
1	37.82743557707181	9.148939540557734
1	158.60884338696064	98.78863294971342
1	75.67082747367442	127.97256953264366
1	126.4159847667006	192.70956820956053
1	187.71485727930644	159.84092651021678
1	159.62622210078803	197.75424018886645
1	153.07148028222133	168.96455157360418
1	148.81535431083756	24.33372020314809
1	193.47204236110878	19.7604192265228
1	170.84923828511586	59.92566597276641
1	178.5407975863033	41.77732057649442
1	79.26842470431706	137.8592541089277
1	180.1187727110575	97.64788507297646
1	47.52264240656467	29.59078757797039
1	134.5987527432265	34.13755190766702
1	48.63107342914762	177.5493391428742
1	95.85348568777079	164.56150750027984
1	46.48714279646947	194.72914607556606
1	172.79799742664704	41.26592807274986
1	119.72422339080282	14.461013778213214
1	44.72597188026137	60.690655947644245
1	50.37336752011393	197.86003703584367
1	153.07457088692047	121.44024586709367
1	194.74359279156204	52.28319545274803
1	132.19656783923847	14.58789076743389
1	176.04925442039075	22.864560051332717
1	9.707056639617264	23.171326844368338
1	63.630584066230654	126.8412053734931
1	198.75561760123145	106.8901086457517
1	198.72528821618556	190.94754120562465
1	73.51871568232957	27.389343928374473
1	175.547891879436	41.49573471775386
1	181.74153373062717	72.51476370572539
1	34.60638141336392	111.2796507198803
1	62.99755009962945	130.7700855106575
1	86.50399596550932	149.9243398012287
1	179.93078132880657	104.51672517073052
1	107.56331809241902	31.587114383120195
1	74.03784328592286	90.5602649157106
1	94.11575623524573	27.84344728142733
1	172.46157017626598	132.30168819538574
1	196.50301287441232	2.9813739871339635
1	137.98530782080286	6.896766068993088
1	138.46698466378353	19.367203497071387
1	96.81496358520951	184.5190054211402
1	190.30263114800903	196.28055488208662
1	11.614138536977379	133.29006916887005
1	58.1328758705036	83.78874533125037
1	110.09509040672498	35.021260935344
1	155.3287774659542	36.56664570550521
1	85.72172324248004	174.33686180439867
1	165.51091028565378	140.33987922918737
1	5.682290573253425	46.29236828584547
1	84.19926353582616	155.65335921652053
1	70.17701466372739	130.23332215534288
1	135.71521943395499	198.52060403501565
1	173.60838663601356	186.0835544828795
1	121.64301935832822	114.5114452165102
1	73.37115420964045	28.19700471773973
1	134.83874341901742	63.95297611862236
1	100.77452057198985	102.50352763098209
1	68.86788738614854	109.60988090014155
1	44.88608238378043	69.80062536200722
1	195.26975033913874	138.22182801671113
1	159.79199846700863	198.88769345414647
1	30.98819398610675	138.89849150318707
1	69.4124078150835	122.67862711948527
1	26.802284378627007	73.62160742123496
1	127.987347920748	7.433020989896164
1	84.0696832872652	142.09050523331774
1	92.8330229418658	133.16998865772132
1	114.28947894793862	149.212003354917
1	0.18507380274081697	185.3144065230279
1	98.82017017735063	17.608747114518053
1	112.78520963087811	36.47797201741358
1	64.291201095661	195.32388405199038
1	90.81277679070632	45.69117893544123
1	86.26773603944042	171.36792905585412
1	180.8153236149172	81.76643158739279
1	59.62141214184999	124.2700501284229
1	122.96441468803937	2.510431487265123
1	63.0835666229122	32.14830595064143
1	90.8239955408988	128.9463564671372
1	152.4153116202899	15.205078052263758
1	11.708035282852876	81.69827827277334
1	126.16500097939127	180.6942262024221
1	146.3873323790914	163.132992599308
1	72.15635051125179	107.18336223822189
1	60.20955137600413	81.41290836029009
1	58.63640385161301	42.64620068434448
1	70.56271286350938	161.1526370904644
1	75.47266339046843	123.45082604836819
1	111.51798717860066	198.41643272578915
1	116.29068225662348	48.83319285945973
1	125.99136691201875	91.04489003493882
1	74.37656452736383	154.19256917971933
1	165.5361896798999	139.60859704010414
1	158.40500220022682	90.17099790414272
1	152.37005002084834	173.40558147143327
1	137.89092486745324	67.18493534930394
1	16.417434700433603	49.731346683428455
1	58.83698910598889	36.061354541353694
1	59.21458173089201	172.91574360080278
1	129.96363653506353	54.518760971836144
1	141.77271806505007	140.4881604516001
1	37.87213311618896	158.56302255306088
1	141.7983423408594	50.504306970203885
1	90.7177442080972	81.59381126643359
1	130.38519424666612	33.955386499143486
1	69.47153189379918	160.3920207869079
1	33.80938527014368	163.23944095099637
1	62.31915389022106	188.98089186838627
1	150.1160076428489	74.68431593098768
1	159.33907288019242	41.41910120353333
1	70.65583896766424	75.42212369741588
1	96.25226594252052	100.49888147831683
1	48.165112866270704	10.21925506657638
1	175.97549461977178	199.286672836655
1	50.95560047518458	54.05476015020926
1	0.06254251231027297	188.20672367585502
1	98.93366847016864	142.83575440730255
1	66.03927893715814	8.65869884720118
1	15.07388697800863	145.4031418859547
1	49.43974943478736	194.50316668488085
1	189.86295410847362	152.29895278560542
1	56.22005058451657	9.827358048429602
1	8.95914284084688	16.960060474279146
1	8.02147914604663	49.693807484960075
1	153.39011803033924	42.874216324490476
1	17.860243428430778	73.4825400399344
1	181.1770796873236	189.8603740324756
1	82.70371776754865	42.24771241707214
1	182.4330062304549	139.51170860611023
1	81.33722142543672	3.1750049071165165
1	183.23854361457995	172.93528852951988
1	60.682896495403725	170.89260481480255
1	63.057201456598364	183.18509300301986
1	5.66234655122534	126.05020544950065
1	170.7158826725643	145.05384746352308
1	131.40158034701903	41.11082638030405
1	63.17055269732134	10.457620218370295
1	170.3981892956591	186.2702008325104
1	41.82856978728799	134.9288760702717
1	164.2860838579412	62.90312090140969
1	32.31382885850573	167.67764365332994
1	95.52780536163561	175.7002989906215
1	76.52382148327371	72.99250341932839
1	195.60935098198013	92.64034179356509
1	185.92709826393474	157.98240793458558
1	6.144242975068295	36.61458365804023
1	20.542048789613744	63.71668584928926
1	79.54198391294977	126.37188839196716
1	157.12958828941288	7.5935620278845875
1	5.199427113465788	50.38515197553264
1	112.55008996381764	140.2855184332886
1	132.6414545983012	44.604613705446695
1	29.504357053763243	31.069077436566687
1	27.9334900899444	108.70663789114457
1	111.86878373594499	1.4012117124124188
1	152.62271872218173	89.39001938922706
1	133.06267554428507	144.1244005472147
1	77.39058751937671	184.70236037011824
1	177.86314033797174	65.1767646862445
1	87.75924137037634	40.8741160764373
1	147.15729927075	185.97034287782037
1	22.57572636075315	110.1095126425426
1	138.39070445277662	194.75969825843993
1	102.98719169553067	55.62292295674328
1	67.28684644937556	137.25783922741903
1	64.47776162777126	57.09654938391134
1	0.6488706563084179	18.138111172810227
1	95.51608370138337	128.70968993365483
1	104.3849817676367	70.55727413987813
1	183.22670889074402	26.45442115790496
1	196.8591098380395	16.558768878029582
1	6.378263739679966	86.17057117968182
1	113.11886457876363	184.142654407762
1	196.27464324292885	76.14393378159667
1	20.280731132087254	196.00597402059918
1	23.91163162423436	178.4652145334224
1	133.92280140876608	69.07712406366267
1	60.25205756068431	93.2145983420607
1	94.30979305289617	143.4749136211986
1	115.0964253472124	194.36187839045743
1	187.14582158779245	75.2436464469759
1	50.874955512125894	153.27936885450686
1	4.868334179761746	59.21120295009263
1	172.18818025930346	26.184364840038
1	45.188654687782304	89.6920587941284
1	153.74565805062497	102.37095141796385
1	123.96427943718777	89.27013218068117
1	75.45748291742768	9.04763885255008
1	36.56311196319254	71.09278481082839
1	50.6268167320321	122.10358947093016
1	134.19378229940844	190.82256481778245
1	158.75525708846823	103.02600342317038
1	75.79012482605737	137.5462402582632
1	170.96691528763432	82.0632229220463
1	168.0902727742652	21.629440801406133
1	134.59548761773453	104.00488734589584
1	62.38854669846779	96.98650852496928
1	110.5580527342143	20.85655967624578
1	44.413629794078645	87.56270808229203
1	162.8737351049782	150.75776606410102
1	69.21277694266877	33.787467524937654
1	98.04358518527118	80.89006539049967
1	25.643233171934014	126.31046473336556
1	122.73409771155082	146.96006755626843
1	129.2246386675066	139.19009716370488
1	169.03381088831082	92.52139550132938
1	116.93440183307177	74.52216411710339
1	128.25089221450463	13.456877401414232
1	169.16927037028802	79.74060082122361
1	33.47277493113441	45.48072352883699
1	95.70551313621735	186.38218875562865
1	44.66768999135405	127.45609673057726
1	178.96341306502592	33.21771811594712
1	145.49184340994736	36.91832798093634
1	180.70202546795042	189.56380036128257
1	110.38280316787171	151.20665574142424
1	106.11260857970223	93.37333012574305
1	52.206978589607274	150.79083589920782
1	15.868465396456713	30.78337733428799
1	51.89030593219837	9.533434685727741
1	57.7202328793619	135.20943801437073
1	64.05978905657332	14.97598975175643
1	114.1987059906404	139.68842358152938
1	80.2397447665125	148.8592764050793
1	174.4231102313587	6.690498755782727
1	75.09600525970302	186.69512557330347
1	11.564436789056202	42.737040646855604
1	51.485282467491345	15.218575555848815
1	130.38021279521342	121.69828721709257
1	74.4909297705716	175.9498327330362
1	42.30600618890094	38.664132812678275
1	70.40945051957306	44.15175182778091
1	51.68401844101882	101.40271112630808
1	87.8626786326497	195.55392707934982
1	44.278142537553975	152.22994617285053
1	55.833312321601966	32.060629043599846
1	135.84473003076397	52.747657922046045
1	134.94138241233776	112.62885640164313
1	41.834738265578494	79.24410593906168
1	98.89345575612111	124.73300853267159
1	65.25660097271555	9.16704431989092
1	61.15217689100115	193.62834531653613
1	0.7513128341955166	11.062208946852707
1	174.56673471140942	143.30867249316782
1	197.41946129396052	94.41843100246263
1	0.6147534719532928	25.54320313177928
1	100.80278452224678	58.43287563373184
1	142.59181469959867	42.36235526465984
1	184.3696158890702	87.21005920764316
1	19.878112189850413	30.197521465214066
1	80.52598002342347	62.330011934099275
1	41.83420223906657	180.14556889316975
1	63.27301602985432	173.6430802892961
1	152.52555252110824	147.95964657422883
1	195.31760254086612	193.257765743518
1	52.877676441834126	41.75758027005719
1	38.80193183915631	86.00802415102447
1	34.07456868528621	147.67366085956257
1	193.72492868754136	25.91104206619056
1	131.65723324959276	55.21012799921979
1	150.9098559557765	129.50229097349347
1	72.31664903738636	161.9929967410805
1	40.63394812082532	137.28366924496459
1	179.730712726224	106.83706848736534
1	6.422370853986962	92.2902946265624
1	195.6225309856984	58.34339065523136
1	15.42224190635045	177.40513352261365
1	198.97831832157289	60.39185185217411
1	77.07973395137884	42.244741746380384
1	58.8936302463847	134.1664504776474
1	124.14055721451695	104.35763458892507
1	5.251255110088721	156.62409540112196
1	63.934516539363756	91.76539024037322
1	53.71762328757299	141.7614026539261
1	56.234049429402035	84.47972202030837
1	179.39778095835158	81.22478165775698
1	190.71977803143375	118.94252744534555
1	137.15332979113708	67.66417490261341
1	96.28685168349386	173.4179697503589
1	138.92155262290976	143.56234637321228
1	96.8596060553894	53.8902753402036
1	198.79092497122883	32.05390955682131
1	16.15064136877288	32.92650560273677
1	26.01785196579081	20.780294341770798
1	135.92423603914904	127.96658904991762
1	163.40385587583802	21.243713721538654
1	7.334054555840737	52.21281241205298
1	14.953289245158317	68.22866505663956
1	11.969227690427346	73.76188583723143
1	198.46903718994105	146.89946417859852
1	99.20436454038384	37.91588751433156
1	50.11311004384663	178.50973747438775
1	16.09127774531737	54.288772317825135
1	56.14848307528473	62.17763416527163
1	106.11461844266341	62.254172198209744
1	49.61971277728861	12.867251592517505
1	152.5954921789397	104.83236532689233
1	77.66124665341533	170.63397257043488
1	115.96869666294504	73.72291095039446
1	134.2708435858189	194.11178942801848
1	16.493071465045915	55.69852997896544
1	148.40486789668182	82.37619970849903
1	170.64142582316754	172.79657066607336
1	149.905342240521	162.1799746471733
1	144.61743884575594	138.7664643068266
1	90.81733554152856	36.80727834340297
1	99.46298496221397	147.33764140462137
1	150.81107450858212	57.31109398906534
1	109.41188446010057	106.89952391785005
1	30.93803525952984	140.93885230563205
1	189.31571660500686	135.45466247591122
1	39.3544639512684	184.5332518837473
1	151.94946924509935	65.93141560060957
1	105.47777096128164	167.50618333867982
1	170.51565742916273	134.6477788285303
1	166.36867465736628	93.53739450223009
1	101.80044018671185	177.7414278768681
1	199.8169095490432	193.1421048503356
1	7.757860235668801	127.13065773342191
1	103.41560491057442	128.306576851067
1	71.39659919819672	133.79025291648503
1	112.82760720008531	143.3162628269564
1	173.5254697545618	142.12664453493693
1	58.70743263479869	116.87423755502846
1	129.01387466716517	100.44777107952291
1	168.39173774332818	80.81872695834545
1	78.75744385689865	141.34786014809106
1	118.10371753490142	2.116435053967024
1	45.786994449168674	147.0921780942826
1	134.33367941458823	157.02922823238094
1	187.3949526592262	151.81072382918933
1	165.8152557278146	41.826258404361965
1	59.51223857496183	63.197391845448635
1	171.6519663752946	177.9195036118282
1	103.82698084624161	63.09552465909451
1	8.736664326572708	46.8941534637128
1	25.717863990224345	196.95038878393677
1	59.92818198534155	73.55281446085462
1	145.38263624594583	140.85054839729338
1	162.02237267630323	156.86524427677438
1	188.72899791295907	176.91345144406847
1	102.6755212623467	133.33053621133087
1	178.88223996912018	68.73893657857047
1	32.40278084972408	11.770698725676795
1	109.19641342025284	188.04857267427462
1	68.74792588753809	44.655250699927564
1	110.96022998324304	142.7852699814365
1	190.06944373286763	67.72671191148515
1	139.902502005482	47.90254891231828
1	39.922265808371066	9.483483768132004
1	142.4055263914558	152.3776231043148
1	35.203377831655075	82.31768469991277
1	8.318242748606366	62.602879093429806
1	47.39354459309362	151.43658074482727
1	139.15641706223647	188.71241051449937
1	5.883615906504502	166.56933394768743
1	197.308169747691	63.560356068177555
1	2.325927956906014	1.699883140308458
1	65.16147904475491	126.16916716806969
1	191.75956881561962	119.95672378671213
1	32.47707868604098	7.9430118204920745
1	68.1815449158222	199.67562216436784
1	163.50253689493252	184.474309954916
1	198.37212473009424	11.46552854504722
1	146.95909703488599	178.03786555854174
1	109.47660056135152	138.3344729422215
1	172.93351486250816	107.23937698044972
1	183.97334385689686	51.657785388942926
1	163.88551889727057	102.55897554347115
1	196.98735064498902	47.0983577430037
1	99.42491559669924	122.69371235160844
1	30.077230158778093	83.37459305839872
1	61.22897714733119	85.5793251808833
1	65.18591802129089	188.34824746012765
1	50.41969341488431	107.90444976119329
1	187.0035157293134	23.82959928527106
1	184.57094946334894	173.78496080027804
1	91.4327475463395	65.27356137118056
1	36.03182807040332	198.83828937873443
1	110.33715730064449	157.00451099389824
1	161.52921900431852	32.01350438885541
1	74.38820439229465	36.5675597866597
1	71.74452791963591	193.7429804405677
1	0.7878703718231179	39.98505339070516
1	76.32545489927253	158.6731886912126
1	69.32842942168537	6.267301445180209
1	74.52345673973196	15.001590041282412
1	119.05517490737446	4.069791431129744
1	144.08418302968016	180.1624706323347
1	177.9167539787254	114.99956792552246
1	14.388640832686235	183.24826772693143
1	15.146680592540463	117.97499595979411
1	176.54620382065974	191.95331355945518
1	198.39393741139156	49.32117144735511
1	61.2546573550614	69.82271280078288
1	63.62660619302068	64.61020540666124
1	175.24568094218057	26.886007742222063
1	150.02644655755535	55.429431788358926
1	18.10725549794992	40.63055215383696
1	116.67222597979173	7.647931231374685
1	190.93570721706436	116.29246942254008
1	91.4754140743301	26.695612506039083
1	80.77263446003582	111.63299112615823
1	54.02646970495789	7.247854616446233
1	71.8601923631042	167.0096173520605
1	18.613192308841008	86.17489622807443
1	139.27293183089432	77.21707400141491
1	34.7255017920653	18.765949740946922
1	108.19708998765162	191.65653278473945
1	150.1801307545411	122.41485427823807
1	4.749696460178626	83.85478904281143
1	173.91147148822773	101.12272936093262
1	93.79540461189009	52.8215386425598
1	46.00373744781413	66.4152403911811
1	131.14275319408978	64.36634727606383
1	166.20880454994472	199.8807576337685
1	184.67272064873225	162.690686268793
1	138.9043432597399	149.1465871406532
1	147.02423437634138	99.13447569679545
1	14.023467906149904	190.46315871311612
1	77.23458611983506	99.94414597653139
1	65.04919765778078	175.803826421057
1	109.54115213475859	6.355200127524142
1	150.24233784966373	20.151597674123252
1	24.641824967622426	117.51017272529248
1	30.37648948807282	143.9512912126644
1	41.32757671545809	101.64827259020291
1	30.061936297448	11.586313493944857
1	159.38073760234903	8.489841367514032
1	79.21875594905055	135.61322128606417
1	4.45615091460607	182.85524193266156
1	53.784675510455315	1.3694500376991527
1	196.55298673628033	66.42660102620249
1	183.4300551363478	192.5499229317291
1	31.500725002582186	42.827402799784494
1	103.0011288518233	177.32190232513153
1	161.85368765001795	82.96837081430937
1	45.20542099740172	88.49456827190659
1	159.11329023369302	65.94910650191014
1	14.795188852238454	126.25001920564267
1	49.37740201809052	81.66691909017055
1	170.9364590858711	116.9965536695911
1	108.55968607791488	4.177928458096801
1	62.61832245603529	178.6009744751621
1	179.4620697886748	123.11888125053463
1	74.29018891217919	100.08673599936179
1	172.7754679303004	34.512164879103835
1	50.15521369814175	188.57928428843155
1	145.8071820395191	73.0828768128747
1	106.00048327831428	81.99015950238532
1	59.911327272326616	108.93065242658304
1	138.54393628141105	178.57619286946618
1	64.70362304295696	11.012671926132668
1	21.575396515218017	157.91850545011033
1	66.59496547548218	59.12390822995201
1	148.10181010200097	100.12288218168243
1	32.903362128765934	37.454879962081066
1	117.4687301784574	144.95585750532098
1	126.46275915043918	52.05945979061241
1	17.06314804265992	145.46684365979456
1	65.28682325479019	70.63089075399319
1	101.5208536793528	59.5117292338839
1	26.3504868534786	104.17820947647147
1	115.13522106585947	172.29546254665286
1	61.818657111217874	60.9960081952799
1	176.54085620235685	68.70491334984757
1	169.18250813722648	178.82446052400297
1	97.82266985059584	4.545866158655571
1	148.54787360324553	67.62449565906172
1	179.87758614049346	145.73237807340377
1	190.77076502145258	104.41719797078605
1	2.4926243398123233	49.4497691815543
1	167.2803372924264	172.92024815342637
1	25.213727906221948	193.56727342534498
1	8.422715279753447	22.05800319749295
1	170.60551662785792	47.06701771993792
1	187.65703708568924	72.91884831264514
1	27.54764421591406	19.955910525984905
1	9.205706442241421	30.043941515497977
1	90.47250291473557	167.8073877779492
1	119.15594077675797	87.14662177797032
1	199.0791520883235	142.47055857808652
1	188.1199701362217	145.42546369547324
1	135.65796732431954	144.44893029026105
1	13.251848708553041	6.280720032779584
1	39.78743667716759	49.81868749130567
1	162.56655526234596	56.57210439663464
1	33.36417169437604	134.84453812434037
1	47.03021326146657	57.11082239128581
1	49.6629432809394	147.1676252021923
1	46.541611564259256	29.873289655140354
1	22.564112972900972	168.26230601693936
1	136.97185802752563	45.4570071999579
1	196.7526396415255	143.79811216079713
1	145.14575014649654	187.85582767707865
1	196.51288453702847	27.225250193297512
1	59.58359616824714	86.20107965522715
1	118.95372068511767	57.01599847404049
1	149.49531421523847	27.394691429905663
1	145.44163303930156	10.76460984406063
1	36.09635004532882	126.70447153431064
1	152.4348453407349	185.15832937020474
1	144.52528743212264	66.35778501757488
1	107.33887668662362	21.027470070415035
1	99.25757947757182	77.32119296697368
1	94.58032666310987	37.53003322185796
1	39.44094541407512	83.69184838655946
1	2.3662224264381564	17.654569612014285
1	104.12930372656774	126.81913865819416
1	18.37129599991067	46.984620768282525
1	132.08998183853828	128.01786228514624
1	182.87998970248634	73.61258585881274
1	55.755796189788356	114.34441847464757
1	40.82743770250056	49.5145476005446
1	17.130158288074597	25.844818008375512
1	39.108850171345864	97.03937253340132
1	10.524052187503855	84.03210340943724
1	82.93293547907814	128.17699730658762
1	61.74099090264764	38.96236361794428
1	128.35008388837207	95.6348145608547
1	38.145543392087774	38.164901888109625
1	9.643088354346872	129.06245490636252
1	120.29874579660384	22.573662089313245
1	167.49856968015973	122.25574034519548
1	82.57102398127591	121.13143028545079
1	137.60635250926583	174.60592498182984
1	141.09420883091218	178.39880687991217
1	189.48808842798252	90.7625034567829
1	33.42822566320342	166.49564532175526
1	84.41142177343733	52.25225793115587
1	12.035283587232158	106.82132019716335
1	135.5361719581125	68.25986548161524
1	151.5671199274833	162.2927149213561
1	24.812650634442832	140.64362156803685
1	27.31031563936847	67.54070322051689
1	177.71367119729553	48.309494219922954
1	197.50320716958407	103.12490198548312
1	15.131950979090504	7.819521117460852
1	3.3705326376523033	74.29762388198975
1	23.646305653718656	186.72217553286805
1	120.84353365863859	99.26888194002333
1	49.844808096530016	71.89812415830477
1	46.06023004551426	164.25502907136934
1	182.98848847570991	24.933042398645455
1	129.95066415885515	54.401579812448546
1	4.108832885803565	5.506684631763079
1	125.0163342603077	170.02492108976986
1	26.92153162039631	71.83215254411209
1	24.127078930847063	90.31376333992046
1	47.04526568824116	54.248982636891384
1	103.36876451126346	194.87062593630333
1	106.27654437432574	56.44264122972953
1	196.9966535157826	148.5842779000472
1	6.082612522459954	172.58378635098353
1	71.77563521027872	45.36044225399087
1	89.43555526508709	151.26490434247313
1	93.75422591277425	169.20813708031244
1	80.35818202826943	33.89216775617112
1	140.0851530480807	138.25568029490603
1	51.86751509256874	79.24771407535587
1	71.85740797934159	73.64267151737602
1	180.97353613290414	183.57795441065417
1	186.51787101899566	52.56615105306287
1	117.16500041719911	30.91958053523655
1	132.54809927175012	58.09501601179642
1	96.10436099776251	11.551924621125806
1	97.44485827411762	113.10036293256633
1	174.18212672737366	69.96321364508611
1	179.2670426227599	37.16828062747655
1	87.53375972811364	20.572042437839542
1	165.60607518019418	113.07690402575565
1	193.16339652412307	119.26340999929539
1	49.81092545649625	151.18452336711948
1	75.81392853353248	150.51036661067724
1	193.74121460934595	80.0398504852032
1	65.70582394355569	115.07805253450476
1	32.809393924697986	191.28243007540527
1	34.15810050145157	16.7955983012626
1	168.02173572726463	2.5807420991149
1	179.2674127197323	43.63895731155978
1	85.83672133362512	48.5445318694143
1	21.244376399779156	156.5589931108072
1	9.810370378654056	197.79448086232833
1	52.01078046393636	2.6675648911043197
1	168.38617140984462	134.88186804093976
1	5.581444070700172	114.16277009756845
1	54.13267158872435	166.3269775414911
1	92.16955809996938	140.99763033544184
1	118.91229334592987	136.3099495150879
1	126.0591564221117	2.3808908943866527
1	3.1211888633559113	188.5461361928513
1	31.882261951192703	118.85462172147481
1	37.93274558363882	120.94615801105203
1	131.980100994187	15.165730533480684
1	99.12738070227942	51.2900853705745
1	49.71612626716242	90.27754254254876
1	193.6687420597505	20.582043200619808
1	187.75409696455324	120.98975215683805
1	168.5245216923039	62.96010776183891
1	195.8079329827341	90.03852578592893
1	79.92392142085714	196.25008607227363
1	29.082033017871765	30.194681521730757
1	166.12381845472055	55.874227911635955
1	21.947843317536467	133.76486519707169
1	124.01773940045706	140.42289176798243
1	141.8800613326128	19.708768734512233
1	189.47985680521413	24.639000475421824
1	167.01809968344065	106.23859767669808
1	131.5144698116639	199.14361047110867
1	110.47664695311198	79.67988138162906
1	47.43127313177985	104.19992909361946
1	98.3207113533444	108.57079862173384
1	67.06877605165403	62.880612302480586
1	78.6320307411554	182.6804940725695
1	193.52110018388322	139.55004898871175
1	65.29649750030308	9.918313264203306
1	12.866905027322105	147.31908490318858
1	176.2248796383455	198.4095487509191
1	141.30789983569855	128.7984699195743
1	112.7290071572209	84.3595514713789
1	145.08393805137837	190.6954061010789
1	100.30124179393425	74.38436283890132
1	102.95005149913578	77.83548290263275
1	4.631761221022572	191.2062088946709
1	49.12267117826525	94.64032114435878
1	175.17386641954442	146.3935424138242
1	5.586941266313261	103.58398050646264
1	51.50674381991246	73.49607166852434
1	143.56906647310296	110.39642273145688
1	10.80287397748134	131.4206023558683
1	170.10629600078857	55.039787276208955
1	75.14787233084672	3.339760988973694
1	111.64679076138543	125.46077212809831
1	118.2559789380137	173.14647881703945
1	121.78221374463976	96.87398258473462
1	195.9711417638374	107.35169880183787
1	64.21518695278422	20.080757324049273
1	116.35577378583054	130.23584554432819
1	185.07358106836358	53.14941411202821
1	15.855447176650557	170.92515722163097
1	130.86166601759987	112.80598892817892
1	197.27657900281469	126.4854509367305
1	129.9059026663342	85.18359588884266
1	176.75214499642817	92.24699857091588
1	186.2675312470305	63.51277493708176
1	195.35980560692076	84.61212318217821
1	21.636859186752616	178.77091248821228
1	181.39508675337294	36.52514985936767
1	138.6242326200118	3.3060351466970133
1	99.81081700844283	71.4215488875555
1	67.00966312090628	4.265630499600803
1	195.08342969027234	186.9840223848954
1	38.720571920459605	193.59237159335726
1	135.25598238933003	190.99967485183174
1	156.4080337734219	189.30961112083924
1	109.26526655786012	65.82024192153642
1	17.910302277344726	199.32043970545988
1	9.275409035744275	110.17992371907906
1	145.02056478844003	104.83444788029442
1	94.38794096364865	50.20490858280269
1	141.05132776157495	159.65951812300375
1	114.88005150172575	114.77415520835677
1	60.901103051296786	96.81764789345192
1	165.93657657300287	190.58282530920587
1	30.81239486962889	9.441437472286026
1	154.0346565903538	60.69840110801266
1	172.74357208094375	194.00498315118568
1	16.640097375541473	113.89501514217727
1	86.4527355156419	90.16226170101424
1	99.82416905378255	122.43205567330602
1	161.64001784431804	176.43151992204128
1	97.66324938810169	199.2662922618232
1	141.64256829500567	127.82349819151528
1	138.5139185332062	142.6866128190406
1	92.1445427497718	8.851882250706126
1	80.45745733006243	140.65143018470695
1	14.243848752933758	25.676150441504205
1	148.56787397168114	194.74828401568595
1	73.05121471512842	61.208349391669344
1	77.24063646339636	53.86611428643798
1	102.49048820347105	186.43309434069312
1	149.8372321546862	149.31835099269085
1	176.86572460830286	35.48978231707261
1	33.72136605853936	1.722543702494903
1	192.916070216344	146.9881892908125
1	170.95503490856441	193.1790162675057
1	78.9285290507807	139.73740829489907
1	98.85608714200788	172.1196388577589
1	3.537649545470231	85.7902911060562
1	164.03235100244842	82.49872468716393
1	194.54157653064937	158.6937705598927
1	74.37228308339189	23.84677091775896
1	101.14985559026547	124.28619382152186
1	46.03575266674028	66.8423346850443
1	178.13680203115456	41.060161028891514
1	110.69211626203759	152.20276589463117
1	56.48572938743473	80.6780195855078
1	80.05159024199156	120.66164608456603
1	7.620864026140367	177.43361598864158
1	15.353298537971057	87.43520319541977
1	168.1549173593578	185.5978838619672
1	92.04972396361705	18.421303792463902
1	61.360067510660315	185.15094876890203
1	178.08626033514275	160.3679119545444
1	7.488971067130251	117.08233900944566
1	151.9555273757556	79.23605337889381
1	29.032792820084296	151.96718679961248
1	23.480322956285562	7.744020992319321
1	105.5775351312862	29.995705099370298
1	140.68024474062315	161.49721020619444
1	168.83701852953448	147.6609028553047
1	122.88662082465413	195.0700190179399
1	164.3006023329918	161.28581415075945
1	154.78854851482163	2.767516793926603
1	19.443325140870996	115.17382095027085
1	184.7071345087246	70.38333986023895
1	116.90292348093766	103.0696709018087
1	32.798517614146675	198.70055230650883
1	192.05925082347562	14.006889658825457
1	136.46952278552988	73.73599405746052
1	150.57662658677327	52.03885487724173
1	70.17291898660972	84.80357793367216
1	164.0560053787379	145.59976328409306
1	153.96918062854508	100.18536197340887
1	194.40641494181267	177.23828292269627
1	147.86844880432028	122.76133920289232
1	30.185986936706712	183.70631198901953
1	199.3548577265629	111.96170612619267
1	67.76332494634039	66.77274323434756
1	142.16367007207526	133.6517199381829
1	152.87731927457855	80.34943920169286
1	121.46662458874272	71.28220567957538
1	88.78404717742973	142.8763767928644
1	100.95372935212833	48.83636880866061
1	16.643226844000225	140.12197249591105
1	69.31845816358282	196.00651325895473
1	179.18973901785063	55.29997260125063
1	173.62653492194767	80.50559286422686
1	67.81156900577196	182.15014482232954
1	74.93511672825025	54.809145504402494
1	145.87018767767927	27.773112130522463
1	48.69831392328541	63.99090540702275
1	174.5739733600875	112.21796824954515
1	121.83950844961834	109.9583778387182
1	90.32915810824124	3.6541344134101337
1	95.77812916051943	131.5867353611468
1	99.9018373106723	121.88485018378049
1	177.9537128155511	162.44520425368245
1	138.96226797258777	166.1134973225262
1	114.30788116055714	19.88535273465297
1	26.998173012277874	73.80097080081038
1	189.71312334032723	15.34257590089237
1	32.430365807876655	47.64204007611349
1	123.08558709163844	18.006201565990125
1	30.96982865971762	46.68991524938542
1	168.9751282424213	156.83105262048878
1	162.84815937757645	12.176452372009152
1	107.04352669715217	74.20121778247568
1	185.8590570424372	160.39800719992053
1	57.173875049745675	98.67359013330099
1	134.43853814444793	125.30775395380817
1	38.41053217357069	119.4426910323748
1	77.37129774388853	113.03362947491644
1	198.13808828824898	188.35498186621965
1	78.97583562574602	84.16896354067018
1	124.37851306263332	148.1710981007417
1	96.88022478633184	110.91041117080363
1	187.82593701713546	38.81193557296049
1	39.539436647683345	189.68402763192415
1	120.08033910635527	188.32028049542743
1	84.18107892020925	74.68953491089383
1	99.16297994311083	39.785729311257
1	158.3227377898711	144.62087953070062
1	134.8288991232451	75.68602162294962
1	116.70919124477467	74.00960561818397
1	55.26671840882943	73.69061673265554
1	62.35567059617057	26.011161270024132
1	170.01922554892525	10.607591546215986
1	77.67678474859838	196.8152457300037
1	112.05458176981097	111.49219633952686
1	47.82962980456551	94.00390735445256
1	146.13148434486186	22.241553939920323
1	131.70000530090726	104.67053260087567
1	18.218155748022895	2.4880621990926386
1	34.53551685557622	129.45720412550577
1	19.23530292656156	165.56242061909552
1	94.46918330431714	122.47782973770398
1	59.255630113118855	57.877589169934595
1	179.2586685549739	145.62169018541186
1	99.00236709392891	89.58883761609928
1	14.516482214675534	44.738006647010394
1	46.51262832728648	167.7377313371387
1	165.27609573058692	64.23018158630816
1	23.200159498656717	138.77776790195736
1	194.06635519488333	34.060152169472246
1	101.03608449080144	160.0563335128445
1	59.93832944744804	32.341913757998896
1	34.71236943983814	94.02080917044293
1	132.85948612829753	172.99816979520648
1	167.47337547939696	14.305173338303007
1	124.19233879593827	105.41254899242949
1	102.8761306553933	156.81013144023308
1	24.897310742562865	99.34968847045718
1	118.62693662680942	6.413808443894055
1	75.06452233583076	57.26348643898706
1	26.854169131844998	171.30491995340662
1	126.08744493646145	170.91584373258513
1	149.44764713017645	59.78235956083506
1	173.03593470925273	198.4037717488253
1	187.61706713202722	36.369886622545664
1	185.6171575502317	112.55048830846152
1	50.6260289083163	28.252652011945486
1	16.006605743873337	53.12496496586809
1	145.38546208001202	108.61086826352107
1	6.696604230718549	125.53790574833312
1	109.45567330142745	162.1792520770029
1	65.8650931626268	153.07741535815842
1	46.00418362064312	36.71351797420192
1	166.988961884407	33.77654637068926
1	71.71495264928092	37.37201471715022
1	35.78394755420291	186.27750560279924
1	166.1410749336696	170.42945431797307
1	76.1447962678256	98.23980960585209
1	134.01111294520018	85.59236369312174
1	186.65860749089535	99.79663063344464
1	187.47957217525584	194.38409849308812
1	63.67160068462397	164.89823442127744
1	143.87170421634312	40.28369156588951
1	99.59227453370181	94.62956471564513
1	176.19895942610924	34.705481380078396
1	45.56406912678605	83.68177058871254
1	143.17594960907638	44.5471555111221
1	57.7934462753862	93.80717272518757
1	38.1254788096507	52.394786413697545
1	103.3722464206648	144.91115639643482
1	179.19820630180612	194.13336289902588
1	48.90723597830603	179.9416720563454
1	61.352706326412886	2.6229024930376568
1	22.800455283529573	123.1254210933721
1	76.37126262722279	124.63964670936616
1	181.27092837641868	189.82910020949163
1	169.55328809057988	84.62828052649678
1	77.45119349348664	153.21483842632472
1	54.836765848384005	113.50694227348197
1	130.30922420132651	115.5069397718089
1	75.29864539489279	119.9737286378583
1	53.17548011937697	130.39764471956659
1	145.0946037304593	106.58661371673804
1	47.196696767877	146.10011535171242
1	20.510395386057866	94.6209992318644
1	141.3838081256373	67.42429687549424
1	183.4984840360596	16.946355145531385
1	122.69344857015136	93.87540233936096
1	93.69017520440457	170.60116413072046
1	110.41590388307975	120.16863817297565
1	22.92078055063351	187.6969517653626
1	150.8711830300578	42.67900147244009
1	171.74188601778167	158.91759905551015
1	179.80847792201297	142.0032457045391
1	153.8486448799871	65.6631634114176
1	22.12413928663196	22.706763261619813
1	197.09467275799165	79.17727217986345
1	38.457710162042304	94.20321335235514
1	76.85968305952389	119.57215866748612
1	54.80355981571782	17.331024375001334
1	109.20518711082582	1.9207254993122262
1	132.41430434800344	159.2941196447747
1	102.47128814396052	12.687976425504445
1	7.007978924466187	180.43481027250664
1	46.46987487408566	50.186431102055934
1	165.51751779626034	14.696951512118744
1	62.13990149041996	152.27671647185264
1	145.73258041130293	188.11774450672726
1	13.229907583019951	53.35436728510058
1	191.2960808806219	135.87590585898124
1	182.13111874409452	172.82961953959017
1	122.78652793287347	181.2343556486489
1	77.04399138525088	16.56041183029481
1	162.36633939872866	23.859459170381257
1	9.00466848306948	55.30747702406882
1	187.01869111281707	170.70149297743518
1	97.43585921643779	71.62716357466087
1	39.58134486946457	98.6175030056317
1	36.444778038036674	42.65904092996658
1	74.76149075497062	92.74706572884003
1	131.8049237182658	14.287833303375578
1	181.29233870730445	15.014528085367346
1	4.195407946906073	193.73634480039226
1	11.048444348977341	119.1339920311126
1	157.65242961679337	20.73645403480242
1	81.86587675623736	85.27954315050914
1	142.34338827974045	90.72100723525523
1	189.8928932254887	87.19582208611314
1	108.79944550819334	159.4141217816521
1	109.74626773543844	7.297630270922895
1	70.84746493972762	64.05709312036305
1	173.70801045188375	120.55385754663985
1	150.629078091751	19.877102546472486
1	135.85222430187667	36.947051583316124
1	69.00653098246028	79.66725381173302
1	124.49961034546322	84.55119864849138
1	162.48226741550053	148.47690832229262
1	109.86075487995356	181.65459310554064
1	63.713688916710566	19.06047349999639
1	21.683481282269042	32.874711275852064
1	140.5156312887177	135.911837808825
1	32.20559180056006	38.445103254988936
1	184.94242637577145	19.232257195322944
1	131.7577175023169	64.81755829743622
1	193.63767333875018	147.1009927054605
1	17.23422165554308	46.45598671937296
1	119.66909707738387	79.23662618056255
1	10.089305324091896	115.3083882181204
1	94.99466614540336	39.523931727193144
1	92.95023294220346	107.61101537655378
1	93.85797531822027	54.92007762665176
1	179.09114172504184	126.17847883095118
1	98.34947617713607	54.14207342830929
1	28.033414953031325	56.16469909769279
1	185.9903496727319	139.15985039353455
1	171.54851029686836	141.43473193506503
1	56.93506916570925	62.54262988395271
1	61.91258698154081	175.60504384508323
1	11.224741629976478	3.4854195508015664
1	170.5135216518982	89.29394796681294
1	58.59929798498922	141.69754492091454
1	82.64225602885114	173.49357862026795
1	103.97930760081084	62.498902724197535
1	19.54180819906844	88.56607251893718
1	14.42287679661112	106.0824935682931
1	65.26590504259252	131.55040413508755
1	64.75042580206929	133.471908308512
1	92.12943584844305	157.83245527550338
1	12.039774491573809	12.660419951427713
1	13.218267578712329	51.43128336153549
1	131.47932006277182	83.42835623456023
1	132.01570592374378	121.18323956525916
1	137.25351827470314	173.28110050213115
1	174.36064597462752	118.44667901845014
1	63.912790817246616	52.964684272780175
1	53.689439751510776	101.04281387852183
1	156.88240825794657	174.74151195217962
1	79.19297171971164	174.28759335755706
1	188.87410575372473	164.22324714655304
1	42.63010088762559	188.80889533265014
1	10.80652443536826	141.60979092383553
1	148.24872161305905	55.862605831976964
1	197.6406966193735	144.09919786705632
1	125.48372214771166	73.09065566386215
1	96.74350223849012	148.62095304447018
1	167.69388117784376	11.647502928640023
1	134.84160260878957	142.63857713603096
1	47.02148181014613	50.957399528661995
1	144.72214725748012	52.76633327059358
1	158.12827902997566	134.55472968379144
1	177.4048783173099	48.20831760675429
1	10.545843866474769	3.4533789042361036
1	160.25544940485952	113.37289445081473
1	30.54773371258355	155.95724292388627
1	30.465667380132857	107.75301314863088
1	106.85965789265265	107.7029100291054
1	148.1683545640778	4.326807282937665
1	49.76639382260629	172.2483576495132
1	112.19473321861938	74.94222309451845
1	77.90058254046113	166.97260846187396
1	83.95164253889288	195.4755393331892
1	41.32580853018095	197.7878842846785
1	78.15657313026958	114.2091852370391
1	199.49521705365953	128.50005744040425
1	67.11979743731615	154.00944245937512
1	155.7257962391608	148.50536651579256
1	183.1915560766637	111.25314190967936
1	74.34011698470982	32.440606742951644
1	111.22840181490358	33.24373308354254
1	59.79929865445337	128.39521939604066
1	50.45031222767014	121.75699876272614
1	137.98616456436173	93.12298423998806
1	26.894994262181086	129.15872284479002
1	198.18511225092016	144.9549738959197
1	194.29481107697404	124.19174873889881
1	142.36354401919482	93.84070303002574
1	53.87336628593283	198.99408380098606
1	18.03693956968661	53.98853734967358
1	178.29148176227875	127.54741844818597
1	133.80946766661197	154.19756361756254
1	141.53281519505163	2.600761584498599
1	106.14788036393452	63.09679115542417
1	162.50016210799004	159.3826718377369
1	149.16998142549926	124.79949159787498
1	88.00083986979774	148.73198546028453
1	170.83519725474304	69.62075409518815
1	77.24313660115598	38.69044183737853
1	176.96990631172906	86.38907322040114
1	166.50925747444938	25.168791174324525
1	8.471043240675613	185.42484877793652
1	0.6425738256394311	194.30964397254013
1	154.788014513027	180.78544696448785
1	35.93309067082578	120.61342101344599
1	14.924326374139525	100.10668325940821
1	170.23257298909067	23.74491507635409
1	23.17636469879892	188.03309016426442
1	93.06472013597181	148.17994301565682
1	149.23712116283838	100.5364016098585
1	71.09506040809407	5.205765921677994
1	151.964622378863	38.13842879198032
1	172.50860058518145	6.71681411095966
1	183.14558033886527	48.20008059348342
1	99.87964636324097	3.504426037251477
1	180.64116950650975	86.21267637643683
1	124.5625226543695	159.67979388846442
1	79.12968144723686	187.51909055883425
1	56.607341630168605	16.013456399433778
1	40.756587237876204	117.64047112025725
1	10.09863573105605	59.72373069433729