4	37.03763283029366	32.17453334599975
4	8.34401771056443	127.88947295132431
4	90.58105597520137	198.08471902302455
4	79.55301817568642	118.57846999406144
4	174.01055579253267	191.00439054375215
4	49.903309027298974	33.392884590034214
4	82.79239841082341	26.90851319848457
4	40.39839239891313	47.64629346491503
4	30.47959724250893	156.57578279841402
4	52.97495865530402	97.07385593701486
4	22.16059454289342	102.6897969349551
4	122.69238617584165	161.22448353844123
4	17.173497805949268	144.80946113440478
4	30.02378043097042	47.22722764581371
4	166.65073292870267	28.28000084273495
4	180.97907038268954	137.78185391190044
4	154.62973796690574	195.9556741236658
4	187.62541340928118	105.21769335552762
4	150.14396753086254	1.7557653534678366
4	198.84824164887857	132.4919315667459
4	184.1984849245901	63.09995614821088
4	119.61774081861705	146.89057846639372
4	97.38673441202758	29.193056489282924
4	37.05967155917844	23.850575962273183
4	8.14703113332672	146.6009067132277
4	176.86095176366115	122.2453765263212
4	124.24468096633888	183.25200725108567
4	62.38662124760805	182.00961216669504
4	94.98832074707019	169.65131540145626
4	142.18331602730603	144.74335130683613
4	1.918919609326565	154.7764521531176
4	2.9224573489763372	109.46476327672059
4	135.52421022068938	124.96608623374209
4	46.17187248011652	86.19855028947512
4	60.532050458928836	107.95165155202073
4	107.89458402258549	82.24858523404436
4	160.59875067277244	114.02725278749875
4	177.45437838396668	10.9571841721432
4	47.711228135827525	136.15062826609272
4	54.479062353197605	2.8835628400029805
4	185.04081857461983	110.64418839059516
4	39.32799184642758	82.22393755985422
4	3.8115562977660318	40.39714604381709
4	161.219110925545	51.315279417964575
4	75.94067063117478	111.50403580381618
4	113.62172500533711	32.02624870888391
4	14.600669835246066	179.4697154402839
4	156.83164824516388	99.52845735810041
4	5.399984182931831	52.48019545470112
4	145.07417907260674	139.78959479131402
4	53.085762349016676	42.76542559125559
4	20.744443608768705	184.272865890819
4	92.3260346548987	156.6412936602124
4	192.50112622875378	193.50284384792064
4	6.326244410756971	102.5128571408419
4	161.53552226217982	110.7995181404948
4	94.4190946993906	10.620749454421968
4	194.54614005285543	19.362347953252623
4	188.2277418412209	94.63387712668924
4	37.591812148549906	30.423739436774838
4	98.40098022565871	11.789014754281084
4	73.73969352704165	4.96827531789873
4	89.06479134856494	6.8752987077286605
4	41.57426815925925	155.6820263727359
4	163.6200378117756	93.27791730102359
4	116.46599884098174	36.98771208075655
4	83.76168934970917	5.409406493330607
4	90.50915409754487	190.9440389946035
4	26.276788391052094	38.35696507037477
4	51.66084710209873	44.31000601689749
4	138.50165717705238	38.57283799037825
4	42.977171883049664	62.89977622467211
4	59.353009607843376	79.85621085287079
4	101.73924167555771	125.51979725827317
4	123.26430657267184	164.01535538995984
4	162.3490078316205	25.013832119228596
4	158.13532410022668	189.77801790275527
4	162.62361857524542	154.74920115741753
4	101.7145553365317	171.46369387986908
4	56.61145128128362	160.3101354506539
4	101.88857362754635	175.35920140572654
4	37.65274538792909	152.88114125964734
4	123.638858191118	13.657219981813995
4	95.15757573775556	178.9322667597171
4	33.152809087624405	75.28213965040482
4	188.37649067319558	81.386829826868
4	199.13007447132003	104.13544958322933
4	130.42185054194607	67.68145895916501
4	181.10450975777962	121.28132744559724
4	51.82030184277852	40.82899275879632
4	128.370475237658	126.30069701229314
4	81.64675942730378	140.4217503355784
4	181.99534505660353	192.22444275480052
4	9.855871205074067	84.35490960087122
4	18.1717844777412	46.404733730221125
4	83.45291173300001	142.7727807993433
4	83.09805771888989	162.47076690494004
4	88.4031141495189	1.48230207286025
4	50.16140953091616	112.94414556232925
4	45.067464758598106	179.83357947313073
4	37.93768796634129	105.36200081483355
4	7.2052838153693415	116.25290560944347
4	88.65725018073499	30.6258306494488
4	118.48998197333702	127.38734659762372
4	156.34282159945212	183.64665735443566
4	147.23640655014424	80.54388906668333
4	157.17530151316447	84.3503891476438
4	52.29854364710914	140.50878202218405
4	146.37515560394598	63.7306043970346
4	25.399719121587196	193.7564516271898
4	77.80420288065898	10.011363063992235
4	55.32529282867006	111.23740806366567
4	158.6548812671839	122.454255415104
4	28.14830999529238	194.1247964211418
4	104.78245744008217	143.54871527462262
4	68.30604654870945	56.35711709873863
4	10.74919288900449	135.01901776015728
4	169.01041501281168	19.91632272612884
4	85.33066617520831	140.23169349873575
4	137.31651565566034	0.9652868555376131
4	174.10211390671776	71.81309964188767
4	178.97683082830042	95.70955107313256
4	14.110405064300068	179.60574826668926
4	5.145418182146074	36.977948441970454
4	49.6301795284912	55.48236834115926
4	136.9562878795478	1.662046998823996
4	149.61512066819307	176.3639770588972
4	199.02891795072236	13.836504689416785
4	95.3361428947673	84.34749023466145
4	62.289482127548126	62.258231415914906
4	44.88988387470428	29.98169269347838
4	185.53831715402447	60.18121673942312
4	99.06749310354292	164.31648627093722
4	35.36080188901906	26.926127600333757
4	181.34549271610047	72.16276478705697
4	72.47141563710238	41.77481831748949
4	189.31069845817188	61.23690474626443
4	63.294470266038616	23.292276735527906
4	16.177903182132184	99.86321416323813
4	193.31222680623108	123.03093422256353
4	3.0510684189549977	88.44756029836333
4	118.611472401159	64.51578356035054
4	97.74956996768447	162.7573115767081
4	53.72728571598785	149.31099906270555
4	67.04377272904003	16.1774970430815
4	173.2041267916361	60.444417336863296
4	82.45291893239454	199.4448655565966
4	82.2206152734849	82.66744525973832
4	135.53087120701832	192.9124522528869
4	159.84829096279987	130.20089074953597
4	178.73591156585132	196.9326632654081
4	67.09509992568405	70.09619257954864
4	79.13162425977936	11.846612377300545
4	2.2996642670674134	61.74912858922835
4	89.52070335088604	180.16300371300315
4	138.47162193074467	25.55843333493644
4	23.674871297321744	156.5581073587967
4	27.641024965534967	155.01772067629236
4	137.8398063890379	38.34759194790212
4	6.741369856114858	139.39891622929048
4	174.65336092073125	25.1307285639721
4	154.26944835918584	119.62932190842139
4	104.83462726946789	53.27314523573628
4	39.431009986853155	27.293826095019682
4	36.977826195690255	118.2283073011451
4	133.41124409753843	55.32915798391406
4	99.84821481471715	158.1724987984329
4	144.6452936266685	83.86829171573135
4	164.14134852257303	169.49101059290984
4	91.21450664583716	50.82311136966581
4	132.85742987135933	196.95275369477707
4	151.4129687124551	74.17284076996685
4	47.09201456931572	178.24019440494322
4	192.9534055501842	39.83513156431519
4	39.6866746234509	42.650242319804136
4	104.78646089133457	98.64683562316475
4	198.70696503269437	184.78503423110715
4	77.67343229658218	136.9960606852291
4	156.8077554094512	166.41586617369967
4	182.60267916395344	116.85496359716814
4	35.6851804681603	103.85510438244665
4	143.66189486076814	134.254716808142
4	133.89709656416937	1.5583958438293166
4	103.10868231716705	135.01662089176148
4	12.898864097506731	116.65578601097036
4	3.3287665077911015	102.10987404610677
4	91.21537690306269	191.81667047683402
4	126.82097956358888	190.10743721379248
4	48.97976708782642	87.43715293115815
4	157.70957265683546	142.36202699442504
4	115.22574746722557	96.74061766838986
4	134.74869704592618	23.00459782458799
4	43.898101378732235	3.0609015131114745
4	133.9920083038341	40.950418189738315
4	12.464438013659048	97.85462380777892
4	25.604463816470172	70.83219833746546
4	104.59911852700469	26.289266859916893
4	93.98999809300108	14.885731672711955
4	23.96046266574143	70.20365079372237
4	115.8036395130764	56.977129337511315
4	86.77141886954718	132.05031866320297
4	10.796595726290377	49.63403031470838
4	143.24034935550367	198.04469827605453
4	53.77571994199943	128.59579068728675
4	18.41639794904671	155.5505855260081
4	52.93737037469603	23.29505366101992
4	59.65299228493552	40.932308350937774
4	99.81607466149643	100.78064104236142
4	39.72204989713043	178.67314855112005
4	99.72212312782807	142.241091259712
4	131.59963353930925	18.926197422036353
4	117.58809740389393	81.10455649618234
4	114.89514849880834	129.44096278622203
4	57.0703789133845	109.3506891890151
4	121.82833337900865	105.36647082274709
4	170.39340864439197	148.92971511504203
4	40.02280928252392	43.580187637651335
4	28.358911629298603	92.19642265256033
4	131.57348651156758	199.43092209781838
4	189.1025391753891	78.86463964426736
4	42.7672046147928	191.915417087275
4	2.573058945936964	91.53718572396338
4	48.39548017160786	38.48950783969792
4	32.72137661393097	11.538810132747159
4	120.6157895033424	148.01651577877567
4	103.13292923190096	147.20703176114262
4	132.28783348276522	47.51934259635635
4	69.3361188507647	167.30084833323747
4	17.649066477410628	138.16393250693068
4	62.680239857264326	165.2285784404869
4	82.35421765610806	152.48336540738177
4	197.988690784391	128.8200464410877
4	89.98505728201383	107.03937779889918
4	196.88895912024913	64.55181521138434
4	189.25513607561732	123.27739792654938
4	78.11080242663706	175.02709950082232
4	89.94621067467972	88.4629803490767
4	192.69095956437576	36.82875891927543
4	199.09311363646611	129.84710745191785
4	157.65227921070868	5.424805979901947
4	115.26949038976693	141.21434139965226
4	96.21983039625701	1.2734537607435925
4	27.23134398949091	71.88655917844937
4	191.02677346534318	114.57435021317394
4	2.107450610651057	192.31562823549694
4	150.53520001132432	187.2248601670521
4	99.29585896457922	63.15727488881794
4	73.33013561299578	86.2762567521595
4	37.764816734786194	158.74046231181234
4	99.09327597640021	34.71550773274302
4	190.81433041113917	40.645669754831374
4	16.131261093365367	51.47884647150235
4	198.80731423802297	48.82812394781587
4	192.188712862476	109.68032282850646
4	54.49268336788529	132.78266187285033
4	38.29323592446278	42.30100748336872
4	117.6835824329072	157.46943522606074
4	72.75337267890711	128.93216338364653
4	146.029014324052	93.1037761045655
4	133.58706668237295	86.6656457059525
4	9.89033381532036	90.77990893117021
4	44.41397968298898	162.352612722775
4	14.579243519603324	32.86106849952418
4	27.215073712358247	62.398955725042015
4	71.76867040782525	48.163058156633554
4	122.80697649019834	75.86998608713122
4	173.36148473787517	163.1888798779607
4	81.02412857397576	112.77868843237525
4	85.43874766882982	82.47189216310403
4	0.857380183597769	51.3956643748451
4	70.65667656077869	85.9521187459228
4	13.236698526316019	127.14122589131927
4	179.08394211994414	79.9317286602415
4	185.5005168421776	70.16157464907269
4	108.4254125092371	160.74787359276257
4	42.89626186049466	67.57935063068754
4	154.44836918110343	2.564228898892594
4	53.98767614557784	156.9386649982796
4	169.28665311384015	44.51485385487976
4	141.2363555864568	149.79697071467837
4	22.712181218360655	184.71545766325005
4	114.94641007883348	18.80018872349828
4	149.11536913767583	197.62888094514602
4	143.7397823627934	9.072748061201139
4	170.46338892374797	192.66480363689078
4	38.28817400511082	22.417957895249515
4	160.28835796781237	156.64233609311736
4	145.29016086401987	29.973426189764837
4	3.005569376151527	92.25970363001841
4	99.46406162933528	126.77156186762784
4	12.564484127052765	3.3085067504161714
4	32.71707469020683	120.0904244925199
4	32.4412802820265	7.583265404923964
4	81.69673206889502	172.05808154096496
4	145.3715707705179	54.236751765557926
4	18.785089468597818	36.679327865863286
4	118.81947188295311	99.7937205487193
4	186.1397573967285	52.411312006450316
4	151.7083338497847	143.32633440472102
4	112.46854307397001	158.69833054163405
4	22.670210353608667	127.12707924403122
4	138.29564994289552	111.19959999840228
4	161.37261960575893	76.74290431987811
4	118.25306765853827	150.2566688983349
4	57.171884933952924	91.86009122410195
4	89.87318810785746	28.36299023042187
4	89.92156972161547	93.85194578011618
4	78.81990902674937	166.31608886485918
4	18.70245644070576	82.03645934061495
4	7.806750631924501	152.02283135440575
4	26.275536897108736	45.375360859098066
4	173.75346301408337	174.45749487539916
4	153.16340996589486	145.69210414543517
4	130.40210036804717	113.23091125494938
4	23.492439755381326	98.76454706911096
4	32.23333817694797	180.31903589500786
4	0.14961812194590607	44.49007839700738
4	69.93655672726618	2.3067323743625536
4	65.06253755790351	6.844857059534178
4	149.31185527279825	137.11471556374408
4	65.14632971901545	80.50180681955612
4	179.4424566618918	99.68039503300099
4	94.31003389615836	120.28749248640804
4	137.54871415613184	193.80452189355185
4	154.6024713615269	100.65894143902068
4	28.957881269431056	94.43940556437889
4	193.50809618863838	14.761224370990789
4	20.920964804584287	195.36398447989114
4	190.72470475856346	87.91666472299556
4	104.06645081025869	37.586176951150435
4	163.89152753315204	0.053569377417829855
4	169.14354537349232	4.3475286070912205
4	48.02484807551605	81.81725528528119
4	110.98284414829914	11.282813968053773
4	172.15320555516047	194.79813224388585
4	106.18591846144449	32.63133979327404
4	139.58737333137344	51.06208185177533
4	118.86748347691412	142.87812730818558
4	104.35727215977965	132.68085950200884
4	155.11497419586522	54.8912402579472
4	188.47453233878667	37.86686200882738
4	14.492499111578383	12.19805428704234
4	51.46123059158083	135.8936521645319
4	28.424455246881394	65.975372402456
4	172.22918075923997	115.68216246899237
4	118.44014639403593	62.64645958302242
4	18.382571216378892	178.39754415614908
4	188.32326779301104	14.978339658640095
4	121.43431159951678	162.97041593973017
4	141.3884581851608	49.880502624752495
4	71.22293739684613	161.47446034762584
4	164.38625693110458	101.38830161579403
4	104.4019564062628	78.37635076248495
4	42.48391122608467	101.83169773382537
4	134.44717001469337	64.49403758246251
4	2.890414048967301	100.46351877394159
4	45.977473187394054	25.320879094953284
4	37.649702247433794	27.62183903084116
4	12.812273874976086	81.95900607997561
4	125.9093805827398	64.45422840987027
4	184.85504141513627	172.34988277931336
4	65.80273438907437	151.8548112358402
4	144.81570910089096	12.490370206685412
4	143.8098558692617	54.82135694369674
4	9.607999244341414	104.21802900294563
4	169.88398382399203	43.41747489318254
4	19.245145677874973	134.71207663272276
4	68.8652975276508	33.43183362767715
4	47.426208971149094	30.09065574630972
4	94.37496291555073	148.34927405904222
4	48.89548220774472	109.77608901928869
4	162.96669882375608	69.3361587773473
4	114.30363226128725	155.700966611304
4	170.81362175839223	86.34467900988045
4	97.51818547885932	15.010377795313588
4	78.20227716578631	168.0045206496145
4	163.0939600846432	107.97435903909928
4	65.04646196788906	148.4328848620563
4	53.41357866660496	186.73552763641885
4	98.21982472857923	111.01018217059442
4	111.91122545745878	134.44052356996258
4	142.72112235003107	193.055442300045
4	198.0703945409998	75.24489466073089
4	192.63359005864424	180.1158501481928
4	133.04981723303297	78.8557461169467
4	90.05209911365773	172.96767329950893
4	28.51855111388909	56.28848652586714
4	16.598775671132103	50.24491814985774
4	149.93538394667507	173.23273207444345
4	59.00437111099325	111.20711646088756
4	187.2219574777949	2.2170781145811986
4	2.6324568134436106	194.9556711051681
4	89.57387388964526	193.27425250373534
4	80.36520014988264	80.54035384445302
4	34.51332675679683	105.46653294897504
4	15.404606398159956	173.10687579712447
4	188.77314218487612	104.99456949893948
4	151.85571891432244	29.95749135320267
4	29.66539256169534	48.46436309167177
4	194.85692255232084	86.96291962466006
4	132.28776737673098	144.15628451881207
4	109.14399801429425	34.566062707359634
4	156.45308344683764	14.44284267610945
4	134.49299003529234	111.49856522818959
4	166.01004540084847	42.4341762855112
4	114.18856397230115	123.38455007428104
4	67.34374902826187	167.55298178049645
4	185.78616646662937	151.15768001686814
4	114.24550112557188	83.2544505212465
4	34.90499487218551	89.24824525160693
4	105.90650254333349	41.57201412600847
4	176.10494367760936	192.3620188108709
4	39.57012284852914	100.08567197428033
4	174.04977610027947	128.94710271649285
4	167.8646826488029	154.907991214221
4	159.01164287410978	151.89555978570178
4	99.43024573954233	56.09150726769553
4	187.72846785514042	45.94746041136557
4	74.73940250652208	32.196047162358525
4	172.14921724823614	188.34715702151647
4	151.2738774376935	138.68851259102513
4	91.63052540929408	186.70740864672945
4	130.5778213414439	180.04401308295434
4	86.09387300676059	122.42121936016537
4	41.54551829367534	8.310956266108349
4	19.79745717818625	179.3803061268439
4	38.59085172756869	105.01592665070041
4	179.4926634813176	128.10786447506513
4	185.23579427276314	149.88852709792536
4	194.01685231101231	86.58623313810944
4	68.26896484468443	14.407091431416887
4	126.62975008063427	53.100717667223364
4	104.24009319966217	160.7656648134796
4	134.27088182665932	165.06838270601867
4	57.715094887489045	102.06958275980361
4	163.61615736120496	48.18328124761351
4	168.71721820106353	154.40597639451425
4	65.46231456356628	107.58491104931744
4	170.8913122473018	57.535779749412654
4	94.397376391752	92.18351851142967
4	122.04547611427472	6.293597193244466
4	105.82352672615838	95.4090674433229
4	23.212063338928118	75.21607534182135
4	97.60981670397541	53.32543030374546
4	137.39735385958897	26.099018967492782
4	143.5386797736884	119.77043026484097
4	192.23142491500369	170.57372112637415
4	21.99349764955204	130.24271559685786
4	195.37120148289722	90.20786737725462
4	42.36685771475078	92.17997389556479
4	119.45384952362235	142.64798704632682
4	52.64043439673816	131.90631446431883
4	77.6020142941178	35.62287166803313
4	48.686226246893796	22.831153296807685
4	26.511460253915743	144.1073647971665
4	84.56307276700869	84.72588637767223
4	45.419122946878986	57.8488017998468
4	43.61179191399441	58.380177441229705
4	176.43500092124577	42.46205011198296
4	122.3337980758925	185.53605142199012
4	139.25123100168383	42.72066543613073
4	5.447127624471818	62.7206683565841
4	121.46040769986024	79.85075183391785
4	92.75118831920247	144.43207510766638
4	149.28675935862105	120.11563536188999
4	144.609521094213	28.294740772083458
4	5.951956860145771	131.7912028829092
4	27.73866748004562	10.395757053327031
4	134.3575802335253	191.5529895388085
4	180.87101386882114	189.10000122424873
4	106.48330964252375	8.602776463143812
4	101.32819529393663	46.093360097057
4	152.59107839223145	159.22736224482173
4	170.59815878236577	37.48297511622786
4	41.732116982305286	160.10976836211728
4	41.30414856170108	153.48382634865789
4	72.12466084911216	100.45562516774226
4	27.10626150981787	9.881881589472698
4	47.87651901576467	178.77952478379444
4	56.32431723029498	74.50794642160201
4	65.84940019345152	70.51983712426306
4	148.46304876434618	57.429847114226106
4	152.0026500780188	165.91154979632637
4	180.9143678094083	156.31805721825697
4	165.9893570060321	74.79887070509028
4	168.1430178344297	30.743561324050006
4	164.8831932862717	27.42989322721266
4	119.33947926824067	164.06208633789612
4	109.90948148992419	13.440734320114302
4	35.53265617548064	105.31554961841965
4	196.29449461224328	95.14516032906778
4	153.8117806506006	140.72565090365686
4	144.63927793738463	37.879771459958704
4	177.47028838252834	8.555103498170268
4	153.9814164731028	104.65441938106193
4	86.8368091831494	166.60597123236568
4	46.38740885484384	6.8582633553973835
4	137.7172235881572	7.630256494225307
4	173.53826068299549	29.238613537352933
4	126.84815249954949	64.96079670143632
4	199.58108088296586	102.30619885236717
4	136.50433227218957	42.82575755367577
4	122.21358424497652	168.88533911552815
4	53.53829221640254	110.65668676041611
4	165.1210719126799	102.02903627022664
4	174.5146971270845	196.35268690116413
4	14.865735832723061	167.86049093745612
4	22.661680057402975	80.28338349744593
4	113.68278341295866	146.98147806635882
4	97.1097832079733	155.87191139020956
4	77.2688713590602	181.66373839492292
4	32.39084338999959	82.97183059091816
4	161.8217170125277	28.676357882110494
4	152.29028103933632	129.11204306617145
4	187.24904027684642	128.78712156985523
4	184.1280735765178	129.40525460247113
4	109.22784174761512	8.706137704679747
4	103.5030356317369	93.15234611761605
4	69.03706140219026	150.70760466896508
4	87.97099707982329	76.05485488322228
4	198.1163893808407	188.51916523754977
4	110.80038033263628	95.39393275132443
4	135.11454888641816	171.52589444269103
4	135.80585800706376	85.96205996150155
4	18.961008850650785	195.71458314107178
4	136.73650102620041	75.54915848396814
4	124.16230643193444	53.0666948390504
4	184.31575940094183	130.9397821070125
4	69.94846414503127	96.66678069075527
4	169.9114410824322	185.83092821585052
4	96.11564324055934	144.7577913194948
4	118.70226510265502	52.866697159451746
4	106.58183441999608	180.23890377574895
4	181.7845419709331	158.72931844964637
4	137.12049479154064	182.3939280974978
4	77.64234809952211	25.28051133319326
4	82.17129289492391	115.42780834800624
4	95.81105278963156	183.32283867952168
4	34.38384917490987	126.52568151810624
4	92.12066436125082	145.27563816081994
4	122.47714512231823	170.64161333455286
4	70.91404960025739	126.89265764876603
4	132.18933801712683	124.02466186922328
4	194.134712397861	194.44881615834333
4	122.98431621731464	165.3909466597117
4	85.18648368184427	174.22708896027217
4	84.44695494289499	61.31907285535141
4	52.558610399711995	52.439029888869726
4	119.75515584888291	86.24327329209336
4	150.69273698021726	81.26150291685173
4	128.74529060246465	67.02019125768629
4	164.2622436933122	165.13604099386583
4	70.23908431641024	44.51653011507139
4	114.01883766955541	170.3909207935456
4	158.99581865757375	137.08996942904832
4	38.947586962463845	20.843959096565357
4	36.52548120528829	159.66979944176222
4	64.99474203492292	55.255840367283724
4	77.16733548129946	56.38477671015221
4	124.15566048615585	166.1860623385345
4	176.8409656910356	74.63243909565495
4	164.48993820347772	167.49717308501636
4	160.03087435201047	81.2484085556963
4	133.18114221212937	24.669266670883417
4	156.52954220141072	137.0378925012871
4	154.99491134430167	119.70201049453715
4	190.55608835619842	86.33922015605907
4	14.046139499344207	175.91470011735998
4	22.32835639633683	86.59838854173074
4	2.7363331315830237	120.35478261691901
4	8.547407835191791	67.92514319440136
4	144.90191818694075	173.61820919248794
4	136.71399421943522	147.0184695377315
4	184.01648121016643	1.4236873568085855
4	153.78801732694313	16.708292785046496
4	139.5206161348038	25.784740046237346
4	166.297861412904	88.64805262038783
4	5.750277554316483	84.68069029867615
4	184.04119364316165	71.89702964552322
4	20.819237214963408	69.73108300963122
4	15.760554920711343	195.1778345300467
4	38.08061840921107	12.714925845077914
4	91.71041720719518	195.06736680926105
4	167.9276932540145	156.9139846217456
4	98.03807123876777	122.53073700712639
4	134.1239357949608	166.15212483603574
4	168.39059256475053	154.59689361619866
4	157.70525168187862	133.01118442354368
4	172.7279142237341	163.98269931148963
4	109.46742824951212	26.37948537680606
4	123.73094785773662	151.1583175724536
4	85.92125857236562	186.03722469488616
4	13.554678487986166	91.85547003155648
4	126.54325898752774	134.96947681022755
4	31.196428303074867	197.43389801750715
4	76.64790091167697	74.25616929077074
4	165.46110506080691	24.55773034781538
4	27.168198226800712	180.76549242959106
4	193.02897879609054	193.6607254161039
4	63.05486160131642	154.1256419520741
4	160.4090404649395	92.88444705275566
4	159.7241964419519	44.14596401672327
4	109.39069287784469	92.19306081957694
4	116.1003529229983	171.90008508856783
4	95.67715431236803	36.52291822903746
4	156.80073787596143	80.26747057109873
4	56.584533072413706	89.68032241632523
4	61.325007019681436	113.85154388602945
4	24.179394961833935	132.0114498554188
4	186.14115203569946	86.92213961014363
4	111.95153697426474	117.76558815921874
4	80.64879730147607	70.84929082789546
4	118.90238282534978	67.18780527873366
4	88.65705840920361	156.4624710959298
4	138.6590327285677	130.52472630190732
4	88.22057607508646	52.18230211020369
4	191.72617070089234	56.09573287399314
4	171.8387674447249	160.02828357069905
4	169.16220684851442	57.61857374630381
4	114.75415767588947	154.79019211812943
4	55.44980368518861	17.61782014285299
4	147.25827432994902	195.1797086539251
4	99.50388301025401	161.50311872452966
4	95.28438440678792	169.098959882546
4	143.82507542074006	193.40784894002525
4	151.96439577100563	22.40762722499801
4	56.45099961403167	13.046734406874577
4	78.47153095420566	80.20083132245668
4	166.15031864023246	0.5812935412363629
4	41.23451816993793	137.1249155595595
4	133.15816740888465	13.309493365185915
4	178.36872322613334	81.76433420587784
4	88.80810085007471	141.91656060651712
4	17.841632016568326	165.0700941848881
4	93.49346557186317	12.91299053208607
4	198.51781129241266	36.826785129074125
4	95.23743060667852	38.01271086655035
4	101.42406386977052	170.25818329999015
4	42.96481943376986	94.86609173883289
4	24.89093299960902	121.50492189961136
4	50.48347829269301	125.67913494789786
4	90.3257508054557	8.814195449287752
4	38.103463459666955	65.98501156297397
4	2.0530104515488574	82.28495433550893
4	76.95406388124286	84.87378223357967
4	10.080480607579204	31.594171665807522
4	29.597843128928503	15.273509709916539
4	59.94815736394287	135.7138695349364
4	62.357834433281596	46.88277063035727
4	54.017126105952826	136.78956586653698
4	142.75822318492925	87.0733484813124
4	186.82402603400084	130.5782606901485
4	110.99049558430187	107.94041918501318
4	71.49968459750869	7.829572947228115
4	63.909605081469806	180.1929746533047
4	196.8918569047728	8.084411866692164
4	16.811222935063995	16.897088320944903
4	143.0306712356474	100.14917710188087
4	126.5995566158989	8.525908598977594
4	122.31912030301527	174.11083564682485
4	56.547163062947504	118.14155870581925
4	62.22066754551838	131.8157071233362
4	56.945740329394766	111.27673816616789
4	124.19313891136528	63.90719789685511
4	173.98652279320407	180.800323018886
4	167.51886935442042	176.77915393807024
4	160.49817990959087	3.411713250177513
4	91.13796482062406	29.51328644969965
4	96.07787105569037	146.0782094313435
4	199.78175214737502	36.26857725974429
4	176.50406847945766	89.41296201311087
4	64.23658133324722	77.18091970694547
4	110.56423450188493	160.2369119962812
4	97.36250525227274	9.145116933944138
4	68.69931576961869	109.25937224915765
4	23.531997002741434	29.847813829807052
4	92.39275904508173	198.65052776589653
4	102.6365213342807	166.0321451445464
4	117.60298688155507	1.1720745810347353
4	73.5372062064207	43.25248192083711
4	130.69541211352538	117.88830775554214
4	88.97939052914808	67.63043795992235
4	104.48551077084522	68.68603434194893
4	6.656762143346157	76.99129632953264
4	19.556282482801066	73.770805250806
4	75.40531442775773	180.32215923887225
4	198.29412415600893	143.7921874690398
4	138.24824662817525	171.79671531046108
4	166.27944888609642	77.82128105111491
4	167.70215053619222	54.5413745491492
4	144.30692770340772	131.22999005527913
4	113.26475886148916	41.19629138757591
4	69.37742989146443	80.09327993686071
4	18.064422264345836	197.78792877047113
4	196.77209119684136	125.40969894692665
4	62.43577347199471	4.80505576955602
4	48.34575257209889	117.30286982095686
4	160.46131540669364	1.865817153262526
4	147.22221860381813	79.51300774763735
4	145.08540300800587	154.0056456173129
4	20.630480813583063	13.332381454423
4	174.0066421574196	66.14412975281493
4	151.01298236897975	194.5599992588712
4	48.324956530198364	49.421099468276395
4	51.15694269842851	3.9036053565415045
4	25.05999063588206	5.257249390000055
4	13.424424859247267	176.2761272102125
4	151.14948791960404	123.93285139612294
4	17.20151542436014	114.8278858902446
4	46.7525828383327	73.09095899189731
4	105.41002449546079	160.08456768018266
4	119.51021046864912	172.38873068814462
4	44.1644715981713	32.84881888680485
4	184.76279525399485	117.53410270346797
4	184.13682025310266	128.95174773518494
4	52.996551888570224	40.90668022851801
4	81.97184822952408	144.28009880425583
4	21.11419971974408	17.62797763828644
4	101.29791687090716	48.855269418291556
4	174.83788191122022	74.30915689976933
4	123.95877201849112	18.17963239063488
4	93.51340733793114	146.1799678198928
4	75.45594708120518	58.568089884900246
4	69.55170861215856	88.80527565250486
4	16.532624913669792	59.658616900976085
4	163.50035613456356	101.55102747899252
4	97.73713586306962	71.97509973404601
4	132.73558845626098	101.93775481284666
4	174.79240423998334	49.17313329770187
4	160.69751014248192	112.19997797480204
4	61.901195126234654	42.02604014751458
4	116.13550506231019	150.69593510096297
4	128.28090957352248	106.35471104388847
4	43.25763053252655	86.60833571543668
4	27.963990192052762	160.47029181350786
4	36.932721063431785	165.31458712257802
4	177.62487058323921	156.03989038002794
4	31.75527778426192	86.72157176381313
4	73.56398768603123	155.18656994740945
4	190.18078121619453	24.109090447749992
4	191.88692453111884	176.47841917589847
4	70.34076282157713	87.69308471439649
4	134.80250441611486	77.19219299775375
4	52.14942244965792	132.61509000875202
4	83.39608975190384	133.6591027566546
4	50.550996031202715	21.09419485909899
4	7.544594450811587	138.9474478372893
4	177.25713726890336	69.98880386372502
4	113.445592882803	21.620514046145672
4	69.19697529804944	181.31364645823237
4	165.41633332010332	69.64176281912887
4	54.395374529859794	150.811458894697
4	197.2362181098539	20.31307273866821
4	154.36712876320257	130.504121499475
4	196.17559847791824	96.41116323384819
4	175.95756212428932	16.993655969216093
4	118.19953367020616	164.4245839775366
4	106.52835914008341	183.6132165823753
4	135.60585692297542	175.40280272568924
4	75.39290910852333	90.5118038812031
4	16.2097841429794	24.169182823973586
4	88.43162028818898	53.53658195324269
4	196.26135571324818	145.31352956124977
4	162.6550190030133	117.79934927939604
4	142.51336648272786	173.11675749379998
4	1.2483053246213274	188.6586352270004
4	166.58574009333688	98.75563919396535
4	110.88068132147811	104.02547029586242
4	139.3856217080605	87.28127032833441
4	152.68904512399047	98.38655507380508
4	130.24850165318338	11.07305346466191
4	122.10597563888575	124.05517951119134
4	93.32040209341386	169.32273265998737
4	70.90911751738486	12.288341347978019
4	71.32114518137064	26.47614956948908
4	160.18767834173212	151.52123541096284
4	79.08024273631054	184.39052316097633
4	112.38597157401097	55.27370743293528
4	5.947102580093201	183.07590418058606
4	115.16086139664611	42.78979972869229
4	100.92020993727698	14.1511267249235
4	80.98833779403418	73.02765778477408
4	117.3695224275674	190.00088155195368
4	3.2682351222192096	35.27669214779161
4	43.872870087019095	70.06248607186063
4	134.97311834248427	125.75898258670526
4	86.11535574772307	75.4883484748375
4	173.43878220306522	53.14694076194476
4	171.13793622422685	97.21750444148563
4	80.2231049726172	120.40260969074876
4	179.49124123828653	71.65958943308158
4	50.077328892781594	174.77528741906332
4	154.563204764259	150.57373245182538
4	8.363179212698299	143.47172763959156
4	70.56023678048473	21.59080533566913
4	3.7875122555752228	83.25760659011809
4	146.54406709728437	21.103806762541666
4	56.85481611365799	188.4947758602508
4	44.86565888096868	158.20817121087066
4	2.2733653987288847	135.64424599729904
4	14.190622654482667	181.74167496693332
4	63.13954293092792	113.50673204011542
4	163.93390760325752	19.894362719701633
4	143.81584414840643	62.015246376272444
4	72.44077926581264	184.71497766509458
4	100.90751867898848	108.08813558954205
4	29.878260029052	126.48721001627115
4	153.13072519041776	10.867194908169154
4	104.38059303208848	133.44796554389865
4	89.85818745560096	183.06166861618084
4	54.086719525110055	121.0281410455836
4	61.51194959073774	75.05630587625342
4	19.594202632220572	88.97406214336684
4	1.2860344351263393	143.10238000488238
4	172.99815840123023	103.81704263124993
4	181.9539954998313	32.79308806738618
4	134.67353616440454	104.44228780605681
4	182.552089166822	170.9406437697557
4	24.90765831082254	186.89078906085643
4	9.26244440568641	107.98864461137805
4	96.9274485761357	63.8619288119869
4	75.44454557175885	182.36855300150194
4	139.6365546195534	90.26442576312809
4	97.13769532091294	11.707629571773566
4	73.21888814016256	124.27238469492511
4	17.52429904457179	115.13039514912242
4	43.96236211861469	137.82729061196773
4	5.288398199611464	75.1769476825101
4	154.55945936034874	166.93613002608828
4	120.34732390252793	123.5193191727177
4	43.60404168004979	13.535702343738137
4	52.89024563603982	166.15570098511864
4	32.19276063295874	56.01454130928698
4	191.49436879683003	147.39406595847282
4	108.51218169553442	88.0283392436616
4	110.9834062722664	41.030354254107806
4	21.340596135042034	50.57119453635846
4	125.07644795846085	122.73201803615865
4	156.48526179992757	71.17539091685262
4	166.07642328052418	120.05725938028752
4	170.81235573095626	82.20622133082071
4	167.7869200818883	167.72722906638882
4	100.87526029464124	1.2175446767782319
4	187.73721019960988	77.38710638921037
4	86.85191934643342	26.058428184571
4	163.5970822456104	24.454310315273318
4	35.43432697238046	19.404675023650555
4	73.16526642359361	145.78579784066903
4	197.95071209054248	133.09075780038341
4	141.8080111487467	16.04344532983771
4	55.96487746546566	10.419175992632034
4	154.83396965959264	162.656520212295
4	195.71411197467722	78.09335685881206
4	155.5984997752999	114.44417241472331
4	36.67863727571458	184.66429599813125
4	150.72922425680775	101.23082112609961
4	102.47201413068757	1.434875413209852
4	76.00661884776889	160.56753848455094
4	190.43970979048385	166.3710274022351
4	189.07428178214508	179.0540005078845
4	24.946547799651142	84.17395348154974
4	167.08933748078545	18.807905897128933
4	185.75253034724824	64.04059971475681
4	163.973799868961	163.95855297784988
4	104.50601559219587	176.4092085121676
4	44.82978811270891	47.49935321022542
4	121.89193660594333	38.59856910741138
4	160.69327969276833	106.12617883908132
4	4.2881491341180435	49.360897338558914
4	99.28188138170134	47.07122654154304
4	125.81093895535724	180.48623310669086
4	124.96197893604779	19.06116774665537
4	187.72408348768056	95.2016264538455
4	3.1299630275176753	25.439746781637552
4	53.9142303291396	186.8723232503474
4	156.9737150336017	184.4759550144812
4	77.3432557580536	90.84728127483913
4	120.56533984947629	1.3232340006302934
4	31.295623841682158	32.57124418540323
4	22.941165677067488	17.913851272172735
4	183.09962253572223	115.89811093884174
4	63.924767126662914	141.60952497512244
4	53.068409240153784	191.5293622897937
4	182.7092233048989	62.56853575492289
4	38.114717092323275	144.76064482671364
4	117.62377540539887	15.41970317933027
4	138.81772649001755	68.60110678731581
4	179.42749563121112	119.6515146761028
4	57.90742623613062	51.892934883371964
4	65.0741708091316	99.3114278987623
4	187.76517777184813	41.175813123529394
4	63.63823248575471	71.94268484198119
4	164.4499201019409	66.43723079390543
4	198.48321749308968	76.87759434352881
4	167.002611605529	186.88924950969573
4	140.97202784964418	106.65730526635173
4	96.82894789551523	111.36046238250646
4	107.98414330405166	82.77429179096731
4	194.37277062772404	3.1487681596146047
4	188.1813108045739	102.20851742204349
4	181.04129464868055	10.28159614320208
4	146.7857483377436	76.49528094154078
4	120.55848595070478	101.9133863881741
4	78.33202570766912	12.708452542735841
4	173.33362687690732	160.8582669352868
4	76.08256101528156	167.50936104529717
4	135.7493539987342	189.8076606797461
4	140.79749408338307	43.76176043195156
4	164.26524910560585	167.8289031223111
4	144.0991208195009	111.12758711672319
4	81.9521502244636	186.3130305451674
4	73.48834772824989	160.89665740229282
4	87.60763548656365	153.64326070878911
4	173.2261135571514	198.82817571594995
4	177.1842265762649	129.28819702721694
4	49.30217955879303	38.20678146241022
4	115.2550239334928	100.8107988337066
4	69.6983319576521	158.84058269310708
4	12.231162800125787	51.882732246746286
4	7.5619939899964095	160.48500974704933
4	167.06006065428573	121.72207045873
4	12.539616037567129	135.35869785173713
4	135.03278959507224	35.905619111027534
4	175.70009617505286	128.69388898915383
4	59.88460963895358	95.82992432168243
4	123.85689681249181	196.6780942026159
4	128.87794503038901	98.44604834660618
4	172.55848657239278	24.7025445786866
4	111.29689452442307	171.8053752529744
4	16.60298924801583	4.129009930996062
4	18.669186854071654	103.03931331109249
4	175.96223901184686	57.49121810360964
4	199.85846621267444	179.98296126859037
4	164.26780292488212	42.135555831322506
4	191.31817232472838	67.91291778229811
4	132.282338346362	54.697077723032805
4	26.959154390143198	94.15424986072753
4	155.4917773353111	117.27318036994751
4	40.165433613538426	193.6924003747376
4	35.38768301845607	171.9226578701245
4	27.263142232719474	165.2810051725387
4	169.078247056939	142.92600441729553
4	8.754500889959445	194.99389046261405
4	49.8243671126842	104.16395088809304
4	126.7790789983199	13.988832524032148
4	113.27284017293726	145.63403021803276
4	153.28912901583027	154.13344225004164
4	110.35804666055571	32.76016749352158
4	183.92663214815894	158.08372075818846
4	156.06507074647868	143.43390961735747
4	35.96940857945441	148.1736835557528
4	33.25917207209264	86.91656598444234
4	106.79998323979578	89.74192758324921
4	176.80868881914483	81.07832206252351
4	86.84274602331652	143.29985953197172
4	57.247101150114986	127.29849038469933
4	158.88651904830738	153.1915535967941
4	147.91412398310825	122.26194548885758
4	75.6557646561775	44.90906397843969
4	76.73156791540919	75.4907437731078
4	50.901092743194624	61.229812467768795
4	172.41439736651841	69.85447907329751
4	179.31422299370865	64.70269746200705
4	120.42711526377559	67.21025826704681
4	159.86318518509404	113.32663380360265
4	177.518761978511	143.3974941868251
4	149.7675342249749	4.9232122089118775
4	71.61576310936499	21.245216313045972
4	89.12724761276229	134.21406128023057
4	186.22591052434888	34.27380313151218
4	143.04729693123573	128.57293923507956
4	157.35788042305194	12.192707687093304
4	91.25726053896909	88.92320611181151
4	131.61797692254476	67.40644666003021
4	31.83660168913977	10.279663026101986
4	162.28720917248222	99.52427285954843
4	149.84265715108734	53.665063692469545
4	113.89542935897856	72.14752119241615
4	131.31619964769504	67.8902994121658
4	120.17256535875185	44.488416490779
4	182.8493725004816	140.33000779276188
4	152.11224394326086	74.69704102065532
4	42.46551040887101	120.91277954578482
4	83.68861070432791	69.40310592995957
4	179.38395754661371	189.94065291003812
4	91.24791035884732	166.46695810244125
4	175.01451417327007	165.21102542899644
4	130.34730833427216	118.80030582720906
4	109.13788087339418	105.98089487064902
4	114.50843424519053	41.50303041353442
4	167.22845145208083	47.2735988925304
4	13.79585492630872	176.69594749697904
4	18.096035826415005	193.19944589561055
4	112.80321563849094	147.01970369760755
4	13.087729251471245	60.27526793361943
4	172.9043241618578	46.75005669585599
4	113.24425896087337	17.629303660989592
4	175.13273133758804	128.77292250642142
4	52.77582170769071	157.07628956224892
4	62.45077425560959	169.72340094145102
4	107.72494050031315	93.68990592099289
4	151.39341440908737	172.19530787318058
4	126.0340984727959	182.1536680937822
4	68.33558091176315	18.02041227284826
4	183.59834990684908	8.488934165816943
4	76.20085284308072	61.75375757648112
4	31.83458670834969	95.28256691693866
4	192.0203516549828	36.71654002529823
4	183.95795822170794	109.24532886494899
4	11.188981987079842	34.3187835114276
4	67.50637741383275	35.18242345160593
4	193.59041612771767	81.28223499612244
4	74.01461068572087	194.8283789112213
4	6.9922964651231325	112.64330560470574
4	183.7552020171995	81.22974849393938
4	189.00924661469037	69.59024872977102
4	120.33717820651265	37.517680268091254
4	73.92065409717742	134.5467410383111
4	101.31984902616608	164.93107255533124
4	178.6037758855178	95.18700763454399
4	67.63231548051726	60.069454837218075
4	157.84211254934928	101.37845773313393
4	84.76986057661361	136.5985946204417
4	135.52940034194626	197.9466017625628
4	146.89704843540892	139.86518302272316
4	61.23912611363369	172.06958881597768
4	124.01329284949861	178.85625618498295
4	103.06840022997824	32.78442751946335
4	122.38344174661927	114.40219151006181
4	83.57433203522618	134.48475685134935
4	19.692220938730117	119.63353448096632
4	70.0794394700535	57.38148506497271
4	40.62937828993563	96.67043040105136
4	39.6191927673467	54.02396467954955
4	180.70208221289977	192.30319028639735
4	147.2537002183339	16.1331141251012
4	67.53859070475033	158.36182001015982
4	180.46425846368868	113.8954894835914
4	43.288132260499395	199.97408529610652
4	193.74522708657224	83.07626425303124
4	12.119706178514008	155.68117972037845
4	39.8280970516781	25.549269650350794
4	97.23781016940711	113.98685761512439
4	196.1219743935173	33.82973501220019
4	115.1323747921902	168.88183570024154
4	26.178630416296585	135.20558774390696
4	40.82696976437231	33.64079492861208
4	199.8570162217631	48.05466681662415
4	97.7413195840823	191.70320315110467
4	8.0484539755887	68.81937602259137
4	143.16459618362234	170.92944216558675
4	40.09207958100504	7.737823451860237
4	190.8522968080597	65.33054962941202
4	163.80652464737153	170.95550521986996
4	70.32844305893332	181.934846411592
4	124.60567396045934	45.565723579237726
4	62.582344083216526	31.528169569984755
4	6.876162576930369	142.06242917304752
4	158.40800602748874	177.92606036542918
4	112.66269821976528	107.78554514973973
4	43.09575270877363	24.196383001963795
4	108.94508434301417	188.40972434028214
4	82.1698661669098	160.3374823051755
4	130.3529196879652	88.3088278342766
4	6.614787478882619	24.055517485495017
4	187.10193250434537	43.06911699845321
4	18.63854039456473	180.89007995139133
4	149.39842780295112	183.60617592679654
4	158.58667422617623	47.9558390097711
4	198.9762788669492	9.774011913750343
4	184.06070770584392	52.97001306322278
4	117.41815753185858	153.724052136613
4	102.99741234457235	33.39029127528548
4	90.31380234699651	153.8652674070442
4	188.1385472205705	71.0547880180768
4	66.78085227683891	151.12329793997543
4	69.85595959970789	91.61081098494446
4	152.2903558566993	3.8391397961464406
4	103.2838679428715	110.61640000874979
4	12.81159559177928	141.802763138261
4	156.40221767926363	108.70709199544854
4	100.73380687140514	73.95784312026422
4	27.942383691487635	152.3826146521767
4	104.57330689783129	63.33634022609135
4	140.54566955075535	26.434548597609222
4	33.56056519726275	9.480845711448353
4	130.005042042269	146.88383558866167
4	4.469407596979863	89.08444887369183
4	94.13768607274903	148.82652304767396
4	143.5863646313715	187.4617736774117
4	146.11241799067403	128.47626059576214
4	146.55430470208188	24.347836598388824
4	70.40922098108541	10.025843551408713
4	188.4843259844286	154.86381008533192
4	149.9925558603088	97.90346304780394
4	3.6365447387921392	36.86961100156614
4	190.45430274970056	124.8587094891796
4	89.06763670205737	118.06481030831634
4	193.14731785185654	66.70522345589399
4	60.39643918067827	26.843234055235797
4	110.69027122357704	126.83783473209604
4	69.6825484262838	163.54298421910715
4	106.78953308426856	40.280384307815524
4	111.31700116543783	58.81000000329027
4	100.34305757440313	81.35246058321758
4	4.2944633647890385	128.48894099798366
4	156.658425316641	40.908946827478985
4	154.08197855080795	143.7686796892695
4	33.96354143510055	170.16558743607328
4	6.698999957239238	197.96312582869206
4	156.38391236448012	32.29502179624109
4	86.83320774698859	96.46730977619382
4	44.91284405497481	187.18679902667782
4	117.6043052740622	62.22437186801534
4	1.8293462215880538	108.96218191612382
4	54.76986487967093	93.08149813797775
4	21.70168500640034	125.41847611110137
4	148.6031335807445	100.49634933242959
4	190.94363486042107	17.70691818046805
4	158.0513421038005	40.76689520074498
4	97.38363374665352	85.3186749267831
4	178.7140122690102	135.9896165686323
4	101.95296899603193	82.33669728656997
4	59.13170339407867	66.19922972953225
4	25.397361482323703	114.7561185066449
4	56.313647529227524	31.12107135070002
4	84.44335178638187	65.43903793032979
4	95.35757041681563	74.71884550836
4	159.86136847168717	90.79926061116271
4	162.80738905893907	29.898483589376866
4	115.13874344714566	93.59492949955535
4	24.866595284220153	94.14870578315322
4	49.45470067792229	12.514449307660556
4	179.52462533667074	197.47333276528758
4	21.084206853593997	77.59791795105389
4	43.03566575751162	180.07144987239934
4	72.07194426614382	186.96849833906384
4	97.28138003017659	167.38720540992534
4	105.00531095288426	126.53304696283112
4	172.3236259917017	92.92504105305119
4	144.92166566799528	45.825821485085015
4	182.41103508758687	180.05295498285057
4	144.5002685134802	27.308655791039683
4	85.12073626439354	142.52513570879745
4	80.65248953477249	16.90491099701009
4	157.75165086198712	5.372713027953807
4	54.90730357597994	131.11129361387975
4	79.14400834231918	152.05379434960975
4	175.43512131289287	175.9754453112643
4	189.15629441629022	73.58383099156242
4	171.8207481060839	77.45575548187662
4	153.7690820522841	136.6237194866626
4	142.62149572300643	152.25926806738073
4	192.03431308721127	54.81931631457405
4	70.60359244895102	107.25014303119889
4	52.4848387261286	3.4787156321609984
4	78.82462052578308	11.456295629840383
4	130.4757005673785	87.9192671538733
4	152.58298687883342	91.05137830371979
4	42.12562695811749	86.01341829768336
4	94.23113820827831	9.480764051925263
4	129.00188212379146	6.86837512334813
4	164.8345834271675	188.33950695079744
4	163.4326985019398	69.37199527086426
4	133.70962384974138	35.82593328080986
4	99.14905664067334	64.19610872379121
4	197.75963663274126	135.35093820858435
4	196.18500576969916	13.230001465398061
4	6.182970529070701	168.38006061556536
4	178.64354530175154	84.59345825058165
4	132.8506999352278	147.92873048340482
4	18.738758218379616	111.38230959431905
4	117.67985826997881	180.83166030569805
4	159.41224547037984	102.38157213659565
4	26.0310074813909	21.620630888932368
4	75.56045372438587	199.1206725226644
4	59.04847581073733	42.540637468044196
4	28.22795488188561	72.18879147234088
4	25.50571060824359	59.11661937138314
4	110.76773661943042	75.00709428464256
4	26.806135753286014	54.60418745198959
4	194.0695311139437	38.19330265908357
4	195.4477683395403	128.71770186738007
4	132.85123964607834	161.74337235826437
4	62.29191573839603	52.80296040604523
4	135.42934585350002	119.21254875217244
4	141.96572751041828	93.05928303535069
4	144.35412785405748	4.585055191090021
4	6.097856624357348	111.50462287714709
4	70.73258522050872	74.22307665528234
4	122.16638252298719	65.63072760544833
4	20.142580335409747	119.98702843319819
4	157.97987541579545	177.91664443353267
4	67.87744900347212	55.632097820525274
4	175.55099917808752	191.706628597276
4	184.82057686335048	52.350750870949724
4	193.31463175241345	7.3482899830029
4	163.70570702499816	38.28986741380359
4	194.70405281017383	80.53387142663411
4	50.682028590186036	66.85385575302922
4	109.326525888645	76.31318072896795
4	74.49509330458721	44.67676818279091
4	61.430132283908165	24.890068729594617
4	23.552243131223122	172.0967807388763
4	7.53927927480126	59.44251528340186
4	42.18089265564004	116.84846381086282
4	74.14133951507961	85.78709922821656
4	19.33925303145307	111.27979106685092
4	170.501798852384	37.00845765266277
4	138.11829553884257	43.41351576193921
4	61.236914461804474	175.53837816888336
4	162.2482250565513	108.51850639831997
4	51.96515596500544	124.71668708736695
4	53.15348538490491	104.47133883731527
4	149.32356035010878	70.623655433512
4	41.88665978564151	141.70833436705686
4	171.5336679853997	81.46827761674717
4	26.492846928486273	128.99354415570747
4	64.63257253470647	102.6131572578239
4	191.29337235534018	67.05205503634085
4	63.54541456306151	62.999609424012135
4	43.402118119561266	157.84404786525755
4	161.68232596974946	116.67865902346546
4	79.06916889922411	12.339999686389802
4	123.9312587314788	188.56822433537315
4	58.91529826160047	75.2273143450717
4	2.023906275234424	18.333844243828906
4	64.87836224658736	184.94737046699277
4	86.62750061196778	159.4227711580595
4	138.76360866719506	135.2262315201557
4	5.977353693944707	148.80790752490378
4	82.73860872086772	105.17434574562628
4	123.10838959665568	94.96099826034367
4	119.05430335061197	90.89024160560643
4	72.70166798557858	62.62370912317408
4	177.9694902045166	13.030459351549155
4	128.84360380750394	68.14530942083786
4	68.2800616174141	160.29028128686093
4	180.18932183246073	61.174756418964705
4	68.89961935776779	13.722162254168325
4	174.0640781474653	157.39049212983332
4	58.34628395147274	179.05040374611724
4	106.15163013161657	40.51847816125323
4	160.32775917771727	97.94373844917754
4	39.63293428607466	71.56101032331082
4	118.13946958082579	196.52161041908312
4	22.671913519043642	73.65617597213833
4	150.77568687588024	134.0056710489393
4	49.20097802551294	67.22543585320028
4	159.53267261157976	155.2595559804555
4	68.10737368515458	48.41735612095616
4	10.668754757291197	95.00883424229988
4	68.99370371866536	30.52508440324999
4	66.12446020523595	141.37144260365415
4	134.45336899589194	16.63127475893097
4	4.082097391771015	22.381642554154126
4	67.91788868919872	63.4566679699783
4	192.4498651116367	104.71363949177777
4	157.46996020527058	188.506600520448
4	166.52594193111486	50.88279682221065
4	135.74621878601943	58.51295540810679
4	69.53873206137621	198.58261021444457
4	138.3930282269921	71.38648725797628
4	2.588433393685335	20.240798943561202
4	158.28611236783075	31.399537235966704
4	136.1331712952408	91.99060316143294
4	25.45900298088543	169.4239728525938
4	121.31593703182125	88.32776548934658
4	198.38323302378564	191.70673498829672
4	119.38715798163042	86.9301533883642
4	127.47922014876622	95.43630275331287
4	88.78535746190954	41.76956590280852
4	52.2166263021719	62.85616357880218
4	44.562413314327415	26.99572022144835
4	68.19891759447148	23.963989681170744
4	35.47900445347972	173.63407950857805
4	101.55459711377785	32.18581712098407
4	125.65344667788003	98.0948822686455
4	61.308958192995874	179.7755005081437
4	132.24533903049303	73.10427552825666
4	125.40169988637649	110.72942232539566
4	42.14532869642102	74.48150788999658
4	137.90003892663367	174.99500116305103
4	16.4492012675762	57.4132864250015
4	143.07947998570404	77.87461251869024
4	119.56054558196143	18.949281878224383
4	31.48701400599697	28.85913539834428
4	33.309324938391484	53.1170067734449
4	114.9541732186114	22.735954855790197
4	134.95808065841095	199.09811574548957
4	74.17817351528527	34.08330545681278
4	59.32198733877044	28.008779231391713
4	164.73743359320827	188.88078587303522
4	103.65170218980484	127.5087065860265
4	16.136098862814436	153.3875914444193
4	134.64934868311894	77.78748952975235
4	72.1122742709976	82.88694668074822
4	91.22548553394137	168.27268921604406
4	20.705754851071617	84.51028792966582
4	151.38557884693483	123.71083094566472
4	190.39783290958496	107.86647047728763
4	120.74704263278596	175.63398420191294
4	170.5203621742591	195.91520799604643
4	20.268485368648157	84.49097981577205
4	49.57600778134449	46.02443370106033
4	198.62377132942186	18.401907748560177
4	97.74136445610412	96.33731836037879
4	89.25337389206788	129.21454364496333
4	98.03482933590345	85.70857683517363
4	31.832215080513095	106.06462274859342
4	158.54924760131792	126.92206333010085
4	46.71831806216406	16.6679619799512
4	133.91461187433566	67.08225873036378
4	157.41530473103842	150.99602580688605
4	45.987522161914626	98.92231726603455
4	71.68325573533627	49.95917450486664
4	80.44654642088352	93.78746112058627
4	142.2259921264935	180.04842644904215
4	61.97275029996496	17.550396811183873
4	126.594670547122	21.731445605592512
4	4.546626753449999	76.0131595423457
4	4.307474874970438	138.90921274879906
4	169.29545515405704	192.53399335133884
4	147.22534769375233	109.4917828614249
4	134.5457763423662	81.83681026865673
4	168.35432652195317	16.80835338724154
4	161.31624837516068	131.19761078101413
4	70.31889536818352	7.963627786509818
4	0.8726462205009113	48.937192301286245
4	160.3297000851087	143.31235627652813
4	75.50452751810013	180.70325487957643
4	122.16891785291409	131.52830498759556
4	2.6288631479414732	66.1053312258465
4	33.31120262248831	25.65547721164765
4	183.15583433846132	122.90497671965716
4	188.97486403948324	188.81421203512565
4	180.02987631824953	91.25948448494233
4	113.24331553809708	148.53450992123555
4	170.44754968734293	184.0380427809386
4	5.889799007607309	131.80496994577612
4	107.42067214032664	179.59777268075283
4	2.5301756701254305	167.35932776674412
4	165.8424573431799	128.23334325344888
4	124.97110521193281	70.45465201929295
4	97.80040329381637	74.58753388850926
4	105.23104002661847	198.87880027247985
4	61.453932799827214	76.90372225138861
4	113.53890083064209	14.26081346028272
4	88.43004439119795	152.11463462339856
4	196.3532378060978	185.4611812062276
4	150.0296950392834	118.24028875800593
4	112.01941385739372	115.73459772549882
4	121.79990485148687	63.17835713493321
4	53.42985003692297	69.00788840584858
4	82.6043760175682	43.186598662843124
4	11.525936299536937	33.17127458006573
4	163.88867178787507	91.97030148701594
4	86.5699667235956	37.128440884831036
4	81.35412212248451	3.485512034074077
4	29.448157653093062	62.08215984511929
4	158.4370144662638	7.479020673689888
4	126.47605604934051	100.14713466100574
4	63.690324608403216	165.1765959066646
4	86.7204734680609	173.38426132901583
4	39.658821753652575	88.15837355943705
4	145.2029729013588	1.743096049896394
4	154.7638412395097	191.71103980604806
4	148.524191402731	129.0433029179684
4	50.474597825230376	4.4202385310163095
4	183.286835349642	188.293267875688
4	104.65272791394608	83.39244328136715
4	184.9142771732973	1.656685434406313
4	186.99449519090638	63.499459586524665
4	15.783893926057544	20.564024289197334
4	143.99873912882123	190.42292276522522
4	46.381833360598534	13.928964180024792
4	128.082858856992	184.963153488505
4	140.15279612390964	197.02184334973867
4	189.82964121999407	98.05712059077098
4	118.97371968761206	94.07129966184317
4	134.7894981550649	77.94751625242105
4	104.6778857344666	85.94363714334008
4	168.6824528110697	60.67924012142231
4	192.12973826785623	145.27262758357085
4	3.7733000576257893	51.94702340337764
4	125.70753221509801	73.2741699417283
4	8.76306720538588	16.99848655793778
4	87.93578853599666	39.73321167685384
4	4.32799882388224	120.57786835807542
4	132.06850232221433	21.276978827448318
4	57.83946983708552	43.64607031460213
4	151.87693981538183	180.05674385342468
4	142.50130337992545	36.917005956403415
4	29.68696351135503	123.81067298821074
4	3.0744990221788555	11.663474079886441
4	77.25221196642235	193.6423909849101
4	176.23387710829388	106.4834088004967
4	73.12733566888653	71.50827631845169
4	184.20125918963038	104.29971668411804
4	142.78261867374312	94.78462320699765
4	165.74044893859957	63.368735995098746
4	152.52569557430223	81.91023090476511
4	185.34677213865683	69.9427412358686
4	9.77854100947809	175.2261660600098
4	49.51578810592517	109.93837519071946
4	15.99490793179919	22.191329450058248
4	58.58730418070411	79.86577304678491
4	116.06339513694468	145.79105793751575
4	118.00186047525813	62.43809843099797
4	92.34644206673102	47.127051113271364
4	141.75022867643708	60.34605853147866
4	21.920204147953143	55.26554746205497
4	123.57850632930302	145.220737319911
4	27.682415818990734	37.4492648976977
4	198.73272296455866	7.896453135754996
4	79.3115540060661	20.22800437757897
4	145.30439084764464	8.361009493621026
4	54.86660924517338	63.47182342492391
4	177.07626573266901	171.82512078761698
4	134.1005263387121	57.57668197526351
4	69.75092309590434	144.08139361388095
4	185.81731563617626	145.31672270026826
4	185.91956274642615	86.30658431159361
4	80.95538450866229	114.04979521738284
4	46.54981943379485	138.61376939278244
4	135.7356209882252	84.98205455619086
4	197.22719909143228	109.3816450961001
4	0.40409584691630585	195.71383364421195
4	115.42173554125242	114.25036517850799
4	94.58953110837342	177.95843268139635
4	135.34170194788766	101.36577505968381
4	122.80559516814537	60.252663816582526
4	25.930215624271426	196.51675990689188
4	178.87887201904766	14.791800808251537
4	82.03101116954849	1.6525437797670293
4	194.89445722554711	21.886554122403453
4	80.03753245051502	167.13436299056985
4	99.53151397858136	168.85576039705376
4	143.9187654241909	95.21084519392343
4	137.89829022988204	53.0534699313082
4	4.981444114158506	157.27255742901946
4	184.2656999657649	47.59094057953726
4	196.49296551873658	63.58085588664403
4	22.974227603572615	135.7594776474686
4	168.2094319637655	53.52936666691011
4	111.65579896592254	51.63657654963433
4	182.08193493803515	156.16007323417296
4	5.007846752944204	136.7445369181786
4	46.53278992791533	159.86748197994427
4	38.33692428133668	122.30254859087415
4	153.45643494336036	118.93431259705346
4	124.49647453993117	192.42096115657887
4	112.32626331809519	188.63353017391557
4	126.37529574700278	51.898003156600936
4	67.48047701962025	147.6930834690673
4	199.1044698832187	131.82739065740702
4	58.839746039560794	62.42792226503644
4	164.08856986839885	87.57357529146464
4	56.77946678019862	29.536949067987507
4	81.41174440489652	199.1240764227926
4	174.71863264645611	50.68799786234473
4	19.112707914531114	118.51232168438673
4	1.0374225666829773	164.01924814951224
4	137.2030638505675	194.91095167206083
4	66.3876745668216	77.4367040074901
4	67.63053844791699	82.01346849178651
4	28.239767424648676	101.88280543913748
4	50.00017865382685	57.982771408858525
4	178.15328930421003	4.532862686738952
4	93.07542636514052	102.15962714733905
4	130.69608780104028	56.58536888808692
4	16.47229729367635	87.38257820108237
4	47.94458160606351	184.11565430521875
4	32.772997382947665	107.80594008472872
4	49.818548253942964	58.647316394773725
4	98.54700416897208	35.31208777845802
4	43.2554876967601	113.0901661191482
4	131.80915894484565	33.038225922942644
4	65.5486425236598	126.53073858625822
4	179.42825465167567	32.2049389904476
4	166.00611765005567	70.70086716821515
4	72.32324722570638	11.702869303847194
4	101.40573673401178	183.00398960732292
4	165.81075167880732	179.26106158119552
4	82.02010362431042	151.73704400863375
4	192.9703105130784	63.2269166138592
4	102.67558537214018	16.840457855442935
4	107.89147223885243	28.830878462741396
4	22.967833171514457	122.09312786093392
4	168.52983827097495	130.0658396646137
4	119.7303514896322	28.08485654430322
4	0.5393122489396092	68.68718375750962
4	141.87175931979152	73.8815722254572
4	34.63807116841707	131.5348379437835
4	92.02322511618598	110.12679118690932
4	164.50911386495022	111.32916641238467
4	91.79655651806468	133.4109052947756
4	67.9253156761527	188.63416894887234
4	93.21837035657819	5.901088848793734
4	60.22233700059587	52.59943180815719
4	30.96141672801474	25.22628768822983
4	98.58841486899536	75.16028103149876
4	110.0842490630368	126.44758191402718
4	140.21947869700324	160.36230522825633
4	166.6420449422135	105.45098594281575
4	167.01606561874758	162.41824591587033
4	37.14434336410716	168.1866983974922
4	38.81090977853097	151.99006433903065
4	128.2929326910529	26.083369541263522
4	149.4316413869284	195.49057776528105
4	157.1033814685153	88.56783138620767
4	125.41540867105084	160.52687781716827
4	112.61685411332445	67.7452338773627
4	102.92794645201485	69.72229740642189
4	3.7058015024276187	157.7243061593394
4	147.72377065960518	107.31270226359504
4	124.29837875277701	3.2591467049437313
4	30.820631250772294	11.879648959594078
4	137.38003407167866	143.92089593539782
4	25.260968189955634	154.27733568174926
4	128.8763988289998	49.10076099743867
4	81.99004220232598	187.32857665500535
4	124.42782838568826	135.32409884926818
4	27.586512147774442	70.77015916535242
4	123.01932339257758	120.2423514021279
4	62.45328798845799	150.38294817717127
4	109.74114341876975	55.42141958201654
4	49.194158216440485	181.06538812430165
4	175.67315372523	192.4085798787599
4	8.222518729138983	99.16914644539821
4	73.33358379123456	156.9924967614699
4	75.77261641848509	173.81346438425425
4	64.86948441359152	155.22254238383647
4	52.71271932009333	105.92903390780685
4	59.175186277260536	179.88512979861946
4	178.72263170935116	81.05027779631735
4	143.85316752368988	107.91681516793778
4	13.513126016405067	123.17294185086956
4	34.45918252272375	18.711402994211625
4	181.6959478209348	183.79235742402238
4	5.715758252156434	150.75603087118822
4	101.47024473718318	46.149188282926985
4	23.73908869300854	21.451426242472934
4	52.308814429612795	30.238419716252054
4	16.88285558121524	117.328726451352
4	104.38216479412807	25.520052635979795
4	115.00149611511762	8.60424399621337
4	24.608454590262994	82.08714133097817
4	142.5719297859007	50.704761686863606
4	127.78522500437322	102.09316705992285
4	43.32003281002983	94.6546634482624
4	106.900675499579	37.50136646044001
4	130.33060046753724	111.10949130568366
4	88.69905203252677	195.17128211414155
4	92.50645193076434	20.00005399693009
4	34.405422673293174	145.1722094334354
4	114.3083120351323	85.7202628384947
4	26.35192056737364	128.37732597285208
4	155.47162780415164	30.105136368257803
4	124.94935702235637	108.75306864722228
4	166.8224541079278	109.324340166627
4	140.15664317252697	110.64172027100886
4	145.36323572445104	173.51775852259186
4	51.79216474974089	8.80300920043345
4	136.5854432372122	39.66634983634401
4	159.78283784068822	117.74675199394926
4	11.109387201933743	169.64363133331585
4	183.30354951791804	149.5265814494324
4	154.25598890340478	17.18413655818867
4	146.43528686747004	133.37248647482312
4	100.35711540679057	148.17493871679653
4	136.22684104613245	33.22155645558965
4	63.92875228264455	50.73775262961502
4	176.3256592181237	127.33666206063157
4	173.47339325224038	50.09548003483536
4	156.478267637874	110.78385001414188
4	141.13304357487408	193.93324286310565
4	13.490533806659641	87.57549201528485
4	136.48833183516984	23.92876068740489
4	152.1504451153366	162.17285132625318
4	16.83884751736909	137.22332680135946
4	178.39545252746302	70.4364635554582
4	10.049066797800833	68.03293916306791
4	189.4852680193183	86.40589768314794
4	113.01073039160269	80.17216737323236
4	10.800099256892366	89.4574863675399
4	117.5970371885096	167.0322803665756
4	164.62677108672722	101.47806513608322
4	66.522112821377	168.44272995719808
4	177.87896613260654	5.994626574226828
4	172.80958089132196	183.61126175159967
4	49.56953591103269	95.85990328209607
4	92.80394857247137	98.38521021469597
4	84.70138988589838	114.03383638321128
4	122.82848004837138	33.15616489650134
4	68.17498540644993	153.44421583329165
4	51.57829868016344	133.1115777940654
4	195.3363983909208	164.66860046776952
4	29.939158293692856	171.30946933752898
4	77.94840961671429	106.20298192921422
4	147.6075238416483	63.337511508855584
4	165.45751150257223	44.80817104253353
4	80.96001025941837	107.91136461853233
4	163.92998977389067	122.17515147454696
4	110.20157592242947	27.869174538620854
4	68.1097151722953	193.53861129783576
4	84.39194991154352	15.234249222641154
4	199.69808832072653	56.46793427758769
4	46.84684654327441	57.30688377429851
4	183.32150582312937	35.64739135893066
4	90.96212385336293	11.52380857724475
4	198.3781379302829	152.42264181216825
4	3.2286860834477977	129.20629135801312
4	47.6587642256292	60.33519314097731
4	37.66661179424884	4.487248370458957
4	192.57535061240316	79.74283890689668
4	177.82798834631723	164.9271743926704
4	106.17366805430623	34.555836299383
4	4.52024047938221	105.73984839050252
4	162.8451533086897	16.58739099363578
4	182.07735590369407	119.9305914703557
4	123.27192357984399	39.31275776999246
4	73.78795471913082	46.30548189271454
4	40.91504959568556	2.1631767542685054
4	147.21639772732328	143.28661966001152
4	71.49434844433875	37.31905619039773
4	24.01186752268535	171.3786113129762
4	192.77823830789634	9.31906548368508
4	120.10756054511683	90.48794189682906
4	93.4722666011865	113.46461957608591
4	3.1631024393919347	111.7684196653529
4	113.60464228513598	97.60174283004574
4	58.413637853633645	48.83527958646633
4	136.05496718459608	152.47356504942928
4	95.87605434950177	158.6229255582429
4	97.48132225226828	31.853563173045217
4	151.7191178422683	174.04366543547798
4	31.770769754839336	29.048615340124343
4	32.371993921340845	17.73800652389008
4	42.50402129891211	160.03309101088922
4	144.76128125580578	42.57460815262911
4	134.61957929071588	42.32832201397838
4	24.846440868283793	43.39965744765561
4	133.0741190605408	150.8271300309425
4	49.766367436702865	7.339077052731113
4	9.113769500528434	103.59009911025544
4	165.51355091121206	185.0821572004204
4	109.61077251030775	97.83259892738494
4	183.84693286559707	115.47963299285612
4	159.6279112196649	28.986040559386282
4	142.46556633510767	193.33889726246764
4	107.85193052422096	99.13915891514375
4	58.34802463480332	173.52271911606204
4	113.01518944123364	186.02619729369945
4	78.86263615433381	121.28843775073392
4	146.02331507704844	164.38281134843504
4	27.450552606494938	160.9360796656868
4	43.70362392287319	161.48558008520314
4	137.4104148902336	151.29682729735526
4	69.4995315427526	6.448435013910284
4	31.55623012289334	23.578322815802977
4	129.65845306361308	71.91437151318229
4	189.59323353347327	135.2113480222995
4	163.44980471315887	199.6961570338844
4	142.6227693699263	114.4643831399543
4	2.840584945734605	131.30535898810655
4	193.0234145110992	42.408701207270326
4	74.36203884516118	79.64294689962725
4	16.001849865990835	62.63715095439807
4	131.48811350935875	89.58764365889385
4	61.66683596884019	188.59880949269257
4	95.31031106021209	10.207307874862352
4	71.50482492623752	123.22388764780072
4	178.78077723886003	47.11950013801402
4	107.93192831934033	146.66288939782692
4	55.70056287498139	178.31424984075585
4	168.98603511514614	128.32629279325255
4	153.59541736110674	183.07767117582728
4	80.56251398145679	42.645237001928535
4	6.723905620213344	138.6321222106602
4	180.89459460940753	91.07516395077874
4	86.05677526375086	15.153751057481202
4	100.32129236109017	134.32139548134023
4	139.55902667946702	152.56163830902165
4	192.70795677015252	22.700149660617967
4	2.8527821590238887	22.169777855523108
4	42.66904529702305	94.10285261405971
4	72.97879642465205	115.71071316220872
4	121.81570917072355	24.767129572099662
4	132.89941384677684	107.41010239911094
4	68.6553219473592	173.1462004930401
4	13.565634889488678	9.044689361815784
4	93.94769827748632	165.2666259865154
4	147.40513322173007	148.72527557559
4	185.3870750895789	2.8921876437633216
4	184.03641414059427	150.2625923778238
4	21.566104131389693	136.47989912028203
4	98.07295851350852	75.14822552664214
4	39.78594558035965	147.50288871673683
4	110.57789194025747	192.13033483527806
4	82.61099971997157	33.29962319653657
4	80.39657978026304	45.63711004998132
4	108.97104014930193	0.3725910046309764
4	139.8044238309149	132.4511384273356
4	150.02920804267205	5.888843072176769
4	190.32729127477478	139.4192196655967
4	164.40612342928705	92.02519909024988
4	44.84661160212829	59.75992231021064
4	30.73349827499564	0.22886705791037798
4	151.33432605061483	82.85842146454206
4	81.17906206845413	108.52829608244326
4	128.33800070951054	191.85924036628097
4	130.261285565491	93.1032301104197
4	65.6301821836023	9.971769933100262
4	88.375747945868	178.59977807638256
4	35.870546659541844	87.30754997962777
4	26.35735503502886	108.62669173404117
4	49.09049160670324	62.98982741543722
4	75.7270307655129	94.11822692119227
4	114.43977564546776	64.72050274675382
4	3.9508948460511135	102.24182401718133
4	132.4021113546679	21.488229370344982
4	191.67755640835213	80.92612773553878
4	150.3311224037908	125.3962563636432
4	116.31546296962028	19.074144518070256
4	164.66772707028076	196.7840994253471
4	76.49023744319925	11.848834701696688
4	104.46571841392603	115.556712315668
4	128.6062005668656	77.35765478467312
4	136.91398581208045	91.72476223183065
4	67.24720254472669	17.08779044804146
4	26.09666537322792	145.5666527144581
4	174.0047203070044	16.485023150004764
4	54.06514791581202	137.69389432239245
4	93.90408031450966	37.986155481064
4	132.77674828925836	189.09239393577832
4	129.610882287646	5.852172728723417
4	29.378812744291906	173.68980040410327
4	102.08727204586245	172.70437475199753
4	185.89284617452148	64.92048612826858
4	186.44873902210475	176.25477977026918
4	179.3607426634743	84.88884481343882
4	92.37863624547333	132.42844290356237
4	10.087506657833615	80.10427422676338
4	93.78994420258408	46.64492606983447
4	46.55370378572377	4.139505963449949
4	136.43046991232177	33.35410767134849
4	12.400559727741182	65.38424062759327
4	159.29028448119516	19.27086928404657
4	147.30128323208186	45.299097159413606
4	149.67064494687799	80.81261588073448
4	183.62216532296168	95.59710689519778
4	19.826320407077304	12.47408551333936
4	145.1328682951165	175.3841356119883
4	189.76334302624014	158.5380679819342
4	99.55985908794054	147.39645603634142
4	188.82296607632532	188.98696750804282
4	198.94070896641892	9.20134313807543
4	159.96667307295996	153.76523871242648
4	191.8190032940654	52.698176967671856
4	33.868232687343806	98.48304440537123
4	138.14117460467156	32.125250700152606
4	145.33390822257365	30.203736871808786
4	164.255916780162	17.502963258716534
4	179.86389468351598	134.05195716758504
4	108.0739354292956	101.74205018136303
4	126.39902995110612	111.85349614367726
4	71.37357340374615	156.1227035042487
4	67.08532655025641	135.41654341975703
4	84.29113246935265	65.08654761041839
4	106.6072747066521	186.67586191182977
4	139.2188445750836	144.22000802977732
4	187.67053419635346	116.10768642859
4	192.34856503665736	179.88261470948544
4	131.0968291138306	152.39113838801745
4	115.7034184541987	48.18046124623726
4	67.81255020928245	9.510742972038202
4	191.51623502284093	72.10457463329976
4	180.9723703505657	193.3770181159121
4	155.91367418844067	99.58934729272875
4	145.64201814537432	189.2093847729389
4	162.71198361411172	53.99362114283193
4	166.104537372393	16.22306374450403
4	155.9234231977013	9.884448051935749
4	72.73666492243223	146.19099680606143
4	43.148640874405515	112.38234356997486
4	168.66648873903148	139.84658213523568
4	106.62204171408763	162.61806536158338
4	1.7345292633916074	170.03442036134248
4	7.906550391952436	149.31983202944076
4	165.76183226202033	120.26595185329938
4	15.722802165572602	80.1852432449922
4	50.37114876769414	126.92699837524293
4	96.14683050170368	79.39679829375217
4	126.52874286258083	17.00628727254903
4	134.21637545880236	175.09905327606384
4	162.69286128567	74.69946579184841
4	109.56094550986484	57.51193201589365
4	170.4092316911561	49.8513649474848
4	6.360402328772693	150.4961414956445
4	187.63968700309948	68.340529131692
4	165.5889197551926	115.14791440710457
4	94.64594971462492	140.1092951819714
4	60.73523799508655	131.7595181805023
4	136.92741197584104	167.30582911142903
4	87.09354999554665	175.3642982847872
4	99.01982003404606	100.43045425671971
4	111.55544045888689	88.54399800236337
4	75.66932077197697	150.90553726408893
4	16.511205892638486	22.417529884080267
4	194.11576046261365	71.41210834805815
4	180.13163311407874	100.88465160753202
4	145.34142307997564	92.93820810981862
4	17.873254970454013	107.87333196157726
4	166.3163110555003	87.80335763581866
4	174.69228418999847	46.65065729592288
4	40.963355708910086	121.60300995379612
4	122.81977768542134	93.65881833059382
4	2.2340645454928847	42.63947058432285
4	18.704669011077556	2.5725432847014247
4	91.1557167465881	143.30550639434642
4	83.79976232893853	163.2341381530931
4	102.42696691780094	114.84515028081893
4	144.49757710179455	86.53442766123652
4	77.68095075461929	127.01783599933037
4	40.509483422888565	60.28334381062234
4	38.18484806450141	6.791645019540027
4	142.54219883846667	150.8999763099137
4	118.12361901805696	119.05853098024625
4	174.74498764499646	68.64411254666089
4	181.68475515178818	31.29954522209607
4	1.7843701202342572	101.55385147239087
4	56.01509888240088	25.182252647713227
4	98.81788056782057	81.95705974832839
4	81.8664406755928	192.9380923809469
4	25.45868497318645	65.51405009834099
4	158.52288734208202	164.31661750364606
4	88.70217071561251	102.03063768841872
4	14.098376445134477	42.92665002827022
4	115.78475978788151	84.20031871767264
4	137.20307551969688	155.06105800534743
4	32.424684175422954	55.919628483577156
4	119.78851103449978	86.92124413508964
4	14.114661250282921	156.8026684999483
4	64.21707173397488	1.4079258769817216
4	89.05352669685072	82.9003593810258
4	6.380157462393669	119.64188725795071
4	30.449185935589583	170.9036319389681
4	5.8488636520162345	62.4070077386113
4	149.4626781231567	34.412136208483105
4	141.96986231491127	27.670297780125395
4	166.4301046184562	25.58237461022631
4	14.663222782090685	147.80513191746513
4	41.25568719052234	81.20527126631629
4	41.43915237016489	148.39981217479237
4	12.44746815461744	158.767904031606
4	3.87222433048629	52.4426913282619
4	10.23100236970319	109.82478070862754
4	159.46361899986516	162.50556362567028
4	191.14024797026565	176.9743519173357
4	192.06372429130158	58.13580295635654
4	110.07399007574105	135.7337685436305
4	117.73783446070786	197.36038867146857
4	13.735122228883142	29.99722660586238
4	47.24059951940336	82.61971361441829
4	188.90910279995506	19.15604416426845
4	95.53238775955748	85.30315467285351
4	138.60717815927376	55.65777768627353
4	99.34983048050134	99.98968267139696
4	63.85251085191385	19.88057486828731
4	16.3523202070989	13.358054025212255
4	7.248228823379634	48.8128202855537
4	49.541660773822684	96.72605235133057
4	69.74329573540473	14.519646949870065
4	128.37765552041913	173.91136640439282
4	16.69603709389463	69.03544159635618
4	173.73975429041207	65.09666463277341
4	188.93408978079634	180.89623826285276
4	25.12152357758856	20.118155921218005
4	148.8431703289778	194.5871405446324
4	164.039481067057	149.71234900039326
4	168.05394272757815	198.15719238079106
4	111.23977025923705	139.0915866848104
4	56.60357071701185	143.24402806533368
4	150.44510604474272	117.6757207456867
4	31.1160404376524	86.785914926678
4	52.39232206468367	82.02777332240589
4	128.89292986689043	156.65434330080302
4	197.5696034446526	67.52192820165976
4	36.626945119928195	98.09140474786517
4	48.10395101230148	43.09898440896967
4	21.68415507917527	115.48470140766455
4	4.367322627945214	101.95806374054473
4	26.89943569250147	150.61450664138926
4	32.618315712477795	30.909031491253245
4	131.38983965093036	67.39646799480568
4	52.66474362476313	198.18851741542056
4	157.6743526463485	186.1957537146492
4	55.13690617682627	199.70484198157573
4	18.907863458937726	50.71047302153312
4	64.50494864110021	50.97625320694377
4	113.98635408596942	164.53129784019745
4	122.73445237756181	147.36237166363645
4	38.213268646447176	68.58637208923659
4	102.25077523493849	53.70520016317238
4	44.518919947035016	63.349340037216166
4	170.9336580604588	91.22419940124092
4	67.28660900789072	54.023032011170415
4	67.76703866910896	123.49640872299324
4	22.008472254346373	79.03097538446684
4	156.6211538908305	120.19787054569912
4	47.98400004603002	61.651424357384144
4	26.324597809262457	192.64245997373325
4	16.463003885588336	104.9606199233296
4	137.24421431780513	123.98504541958522
4	195.8598460798629	0.15427593385325622
4	20.085329760402857	51.192943906588084
4	66.74149783958615	1.6514323786027205
4	184.90642552665372	36.12593689842279
4	52.85766626037076	13.569504489035126
4	18.62562462607866	153.61174426804615
4	179.72599868756214	31.564266271564946
4	129.7242674065613	85.01960340323564
4	147.0877397742828	144.46149864309007
4	73.98569420304926	59.213171535999834
4	184.58815077992955	124.7988765373293
4	150.2421012974221	113.94083131586598
4	37.566766966192404	80.12002939195708
4	97.98787852907304	98.47534734731681
4	45.2576927388138	122.39597841770023
4	11.955902887569096	68.62134062677143
4	160.7493778281542	85.99854410700266
4	67.48794628994477	74.97052396991018
4	41.13386643389285	120.10733870213596
4	181.0418094540027	155.46900522675594
4	82.88889596004299	67.357802765423
4	94.0242148488	24.441843000060544
4	1.9212878299655358	183.21178093059854
4	96.76777368690728	90.72329051651445
4	94.39741650495665	21.37424709212482
4	118.6823258609104	152.9149319650955
4	137.63018906384002	87.11315868281582
4	189.57707041984162	156.11112495364551
4	128.77988135231578	28.707262345157062
4	90.30867195500105	172.21728643927224
4	119.85703003455956	125.2070426280215
4	139.65129555119393	115.8493474410372
4	120.85412404010208	158.46511238505911
4	122.7187041652029	185.23321540357642
4	88.72882737783056	101.20838449506311
4	134.74617764114606	13.68046500059944
4	85.68801449203096	38.62570914897415
4	3.097190467752398	10.446650651811268
4	157.32018594862052	74.22179847741688
4	17.475621189819122	27.521433916691592
4	49.780008079481206	190.76939308119432
4	118.50285705982503	106.05677486451708
4	177.68698019121427	73.38790269179998
4	52.06333691152173	173.8176665920288
4	36.54516946882302	133.02250827669064
4	115.93745916947125	125.77086472639957
4	14.519243479780414	139.37703643852063
4	168.30393427076518	56.34776105407491
4	6.182290118242264	34.8401254198877
4	8.98899222467358	179.70671656945825
4	127.06000229863093	31.805068777998173
4	55.009847726793396	141.2275867372835
4	55.056792538230866	170.10755845931214
4	147.66745186749927	40.68902677577489
4	81.51632015771071	54.06601578972413
4	45.826510644821695	155.66950103871028
4	136.18110090430702	38.00944080533793
4	50.34341470872374	1.177204880512221
4	130.73285443113105	151.83078526161847
4	68.73107981587589	29.45580690964823
4	180.29893982139146	135.60875738686116
4	171.46834245217957	122.30810006991175
4	106.67795866850349	183.44358675547556
4	115.45078737721434	138.45834469907072
4	124.60387985079473	5.238097205951306
4	50.75211782359537	135.88080179878853
4	41.02198391134772	147.08602321007464
4	127.94190600148721	7.692127867066972
4	68.28175328044398	130.77403776029013
4	153.59708801705614	193.0670789677323
4	169.4253522345594	158.0945703129496
4	103.28152600998783	162.85268510263444
4	91.23355087251696	178.26303416216996
4	67.94173748432843	153.953522666803
4	150.21567723757101	86.64752425793785
4	135.349498759036	190.48163726064985
4	55.353978529016246	181.21792918782558
4	94.70736566510294	25.778409482936922
4	193.39559486333007	92.17911004568606
4	148.2331454024466	191.51962141861083
4	192.74733160271438	97.89590315415961
4	120.52709116103216	95.38565290905711
4	180.22012128278834	51.1902993835441
4	86.38532746496435	23.465765521129697
4	136.55499164818974	112.08057393289278